36.1065 3.37118e+10 189571
31.9529 2.8915e+10 142870
32.0007 2.77722e+10 143067
31.8091 2.72003e+10 142046
31.9157 2.67329e+10 142437
31.8601 2.63863e+10 142544
31.886 2.61624e+10 142477
31.9571 2.58958e+10 142571
31.9041 2.56873e+10 142710
31.9481 2.56274e+10 142793
31.8822 2.55057e+10 142637
31.9129 2.5381e+10 142637
32.0117 2.53136e+10 142753
31.8415 2.5305e+10 142426
31.9268 2.51248e+10 142767
31.9516 2.51726e+10 143169
31.9428 2.5025e+10 142721
31.7788 2.50632e+10 142027
31.8685 2.50388e+10 142808
31.958 2.494e+10 143001
31.905 2.4956e+10 142829
31.8531 2.49136e+10 142168
31.928 2.485e+10 142654
31.9491 2.46484e+10 142880
32.004 2.44656e+10 142253
31.9498 2.44392e+10 142015
31.9494 2.43809e+10 141895
31.9834 2.43707e+10 142300
31.9113 2.43626e+10 141692
31.9363 2.43597e+10 141819
31.9535 2.44011e+10 141879
31.8517 2.43434e+10 141243
31.936 2.42974e+10 141948
31.9433 2.42914e+10 141634
31.9248 2.43239e+10 141906
31.9569 2.42891e+10 141392
31.9717 2.42103e+10 142122
31.9625 2.42334e+10 142146
31.9823 2.42287e+10 142073
31.8882 2.42499e+10 141719
31.8786 2.42282e+10 141603
31.8653 2.42167e+10 141489
31.8263 2.42137e+10 141659
31.7733 2.41746e+10 141028
31.7322 2.41274e+10 140919
31.8853 2.41576e+10 141676
31.9606 2.41498e+10 141765
31.8924 2.40967e+10 141640
32.0072 2.40652e+10 141912
31.9748 2.40882e+10 141937
31.8811 2.41316e+10 141507
31.8142 2.42028e+10 141234
31.8449 2.41893e+10 141545
31.8391 2.40733e+10 141497
31.7919 2.40945e+10 140875
32.0026 2.40371e+10 142418
31.8673 2.40329e+10 141322
31.9713 2.40496e+10 141666
31.9529 2.39725e+10 141804
31.9345 2.40228e+10 141688
31.968 2.39945e+10 142001
31.8847 2.4016e+10 141167
31.8843 2.40216e+10 141853
31.94 2.39917e+10 141635
31.8657 2.40578e+10 141422
31.971 2.39698e+10 142062
31.6978 2.40879e+10 141002
31.8828 2.40317e+10 141395
31.8567 2.39815e+10 141715
31.841 2.39635e+10 141591
31.9326 2.40302e+10 141694
31.7781 2.40004e+10 141045
31.8755 2.40011e+10 141515
31.952 2.39296e+10 142066
31.9305 2.39978e+10 141727
31.9892 2.39666e+10 142069
31.9013 2.39618e+10 141740
31.8638 2.39234e+10 141514
31.8994 2.40045e+10 141707
31.8364 2.39207e+10 141430
31.895 2.3983e+10 141744
32.0094 2.39553e+10 142233
31.9027 2.39643e+10 141462
31.8712 2.39867e+10 141302
31.8585 2.39042e+10 141449
31.8479 2.40162e+10 141333
31.9104 2.3986e+10 141696
31.895 2.38787e+10 141467
31.8719 2.39795e+10 141815
31.764 2.40127e+10 141143
31.955 2.38509e+10 141720
31.9976 2.39185e+10 141897
31.8974 2.38931e+10 141475
31.8758 2.39704e+10 141694
31.9209 2.3823e+10 141563
31.8015 2.39574e+10 141432
31.9376 2.38602e+10 141601
31.8302 2.392e+10 141654
31.8925 2.38046e+10 141410
31.8847 2.39173e+10 141373
