38.8871 2.71297e+10
38.6673 2.71914e+10
38.3257 2.71168e+10
38.1645 2.71719e+10
37.7813 2.71599e+10
37.6031 2.71928e+10
37.458 2.72168e+10
37.2966 2.721e+10
36.9768 2.72927e+10
36.6934 2.72337e+10
36.6044 2.72026e+10
36.392 2.72173e+10
36.089 2.72594e+10
36.0162 2.72578e+10
35.7524 2.72973e+10
35.5417 2.73614e+10
35.3921 2.72614e+10
35.0752 2.73505e+10
34.7881 2.73657e+10
34.7246 2.74205e+10
34.5792 2.69407e+10
34.4777 2.65728e+10
34.3182 2.66832e+10
34.0404 2.68112e+10
33.8517 2.68504e+10
33.7385 2.68863e+10
33.4635 2.69741e+10
33.1563 2.70687e+10
33.1365 2.69986e+10
32.9644 2.71025e+10
32.6184 2.72897e+10
32.5354 2.72962e+10
32.5253 2.72009e+10
32.4659 2.73189e+10
32.3933 2.72411e+10
32.4785 2.72885e+10
32.4247 2.72495e+10
32.4752 2.72396e+10
32.4358 2.72571e+10
32.4987 2.7255e+10
32.4855 2.71688e+10
32.5954 2.71734e+10
32.3561 2.71631e+10
32.4801 2.71825e+10
32.4479 2.72452e+10
32.4984 2.72153e+10
32.5134 2.71324e+10
32.4375 2.72437e+10
32.4747 2.71683e+10
32.4665 2.72375e+10
32.457 2.72377e+10
32.537 2.71067e+10
32.3209 2.7097e+10
32.6181 2.71489e+10
32.3911 2.71635e+10
32.4857 2.70856e+10
32.6114 2.71191e+10
32.5494 2.71052e+10
32.3769 2.72153e+10
32.506 2.7108e+10
32.3947 2.71349e+10
32.3944 2.71352e+10
32.5005 2.71101e+10
32.3917 2.71836e+10
32.554 2.71337e+10
32.4256 2.7109e+10
32.5251 2.71929e+10
32.4351 2.71468e+10
32.5325 2.70945e+10
32.5071 2.71843e+10
32.5357 2.70662e+10
32.4407 2.71618e+10
32.4775 2.71634e+10
32.4265 2.71494e+10
32.4626 2.7107e+10
32.5102 2.70313e+10
32.5083 2.70736e+10
32.5207 2.70802e+10
32.5618 2.70503e+10
32.5213 2.70257e+10
32.457 2.71114e+10
32.4994 2.70485e+10
