42.4216 8.15258e+11 176526
42.313 8.8366e+11 175775
42.0784 8.9904e+11 175496
41.8863 9.01158e+11 174858
41.6679 8.85524e+11 174186
41.4433 8.97789e+11 173352
41.2148 8.67265e+11 172707
41.0928 8.73457e+11 172376
40.8929 8.72699e+11 171800
40.6591 8.67436e+11 171075
40.4535 8.43754e+11 170566
40.2118 8.4372e+11 169649
40.0426 8.43837e+11 168922
39.8214 8.43015e+11 168230
39.6799 8.08356e+11 168150
39.3909 8.05224e+11 167133
39.264 8.02947e+11 166495
38.9955 8.02244e+11 165773
38.8047 8.01057e+11 165360
38.6319 7.99028e+11 164764
38.3794 7.98307e+11 163983
38.1495 7.94703e+11 163135
37.9818 7.92712e+11 162350
37.7892 7.90909e+11 161631
37.7003 7.88228e+11 161331
37.4334 7.8653e+11 160812
37.1342 7.83116e+11 159530
37.0756 7.80083e+11 159384
36.6918 7.64235e+11 158260
36.4908 7.3688e+11 157079
36.4615 7.33011e+11 156740
36.2076 7.2989e+11 155749
35.9622 7.25179e+11 155210
35.7283 7.24532e+11 154129
35.666 7.20564e+11 153784
35.3559 7.16315e+11 152821
35.2797 7.13649e+11 152325
35.0891 7.1074e+11 151847
34.9229 7.07558e+11 150857
34.7034 7.03903e+11 150199
34.5357 7.02486e+11 150138
34.2805 6.97278e+11 148548
34.2501 6.94051e+11 148371
33.8906 6.90978e+11 146869
33.6725 6.86498e+11 146141
33.5316 6.83589e+11 145392
33.3535 6.78528e+11 144820
33.1638 6.7556e+11 143924
33.0775 6.62824e+11 143835
32.7974 6.36942e+11 142070
32.5596 6.05423e+11 139917
32.4102 6.03227e+11 138968
32.3161 5.98859e+11 138602
32.1266 5.64792e+11 137406
31.8909 5.23436e+11 135731
31.7934 5.12308e+11 134700
31.6076 5.1039e+11 133888
31.5159 5.08242e+11 133215
31.1675 5.08029e+11 131631
31.0456 5.05499e+11 130922
30.8555 5.04118e+11 130052
30.708 5.02597e+11 128928
30.5797 5.00519e+11 128449
30.3177 4.98563e+11 127337
30.2079 4.97686e+11 126350
30.1189 4.95919e+11 125909
29.9862 4.92339e+11 125237
29.8332 4.90259e+11 124228
29.5752 4.89634e+11 123122
29.3611 4.87908e+11 121990
29.2768 4.85685e+11 121342
29.1032 4.83493e+11 120297
28.9983 4.8174e+11 119507
28.7773 4.8061e+11 118497
28.6164 4.78858e+11 117429
28.6091 4.75566e+11 116968
28.3605 4.73931e+11 115634
28.2068 4.71683e+11 115150
28.0706 4.70221e+11 113954
27.8765 4.69119e+11 112664
27.7563 4.65927e+11 111932
27.5526 4.64935e+11 110742
27.4279 4.57767e+11 109710
27.3424 4.50133e+11 107844
27.2179 4.49763e+11 107284
27.064 4.47607e+11 106139
26.8003 4.45906e+11 104562
26.7299 4.44905e+11 104052
26.5964 4.42953e+11 103103
26.3809 4.415e+11 101686
26.2722 4.41355e+11 100741
26.1046 4.39008e+11 99392
25.9733 4.37294e+11 98409
25.7908 4.36482e+11 97375
25.6368 4.35039e+11 96173
25.5646 4.33283e+11 95728
25.4259 4.3325e+11 95018
25.5539 4.33424e+11 95319
25.553 4.33582e+11 95690
25.5476 4.33119e+11 95594
