28.8293 2.36101e+12 190298
28.6469 2.3747e+12 189718
28.5381 2.39272e+12 189859
28.2555 2.40291e+12 189428
27.9524 2.40542e+12 188170
27.6664 2.41464e+12 187381
27.6398 2.42206e+12 187829
27.451 2.42188e+12 186648
27.2098 2.42972e+12 185759
26.8664 2.44318e+12 185096
26.7757 2.44593e+12 184395
26.5496 2.4529e+12 184559
26.3989 2.46023e+12 183738
26.1914 2.47619e+12 183106
26.1002 2.48534e+12 182840
25.7544 2.47749e+12 181973
25.5105 2.49329e+12 181183
25.3849 2.49682e+12 180497
25.3517 2.51872e+12 181368
25.1106 2.52398e+12 180162
24.7727 2.52648e+12 178443
24.6722 2.52982e+12 178537
24.6226 2.53226e+12 178236
24.3109 2.5438e+12 177117
24.1552 2.55943e+12 177004
24.0847 2.57532e+12 176834
23.9009 2.57486e+12 175444
23.6647 2.58993e+12 174594
23.5658 2.59606e+12 173998
23.3527 2.60199e+12 172816
23.3701 2.63649e+12 173811
23.174 2.65644e+12 172413
22.9542 2.654e+12 171275
22.9126 2.73002e+12 171238
22.7746 2.7447e+12 170445
22.4921 2.77157e+12 169395
22.5516 2.78547e+12 169756
22.2108 2.80312e+12 167750
22.1992 2.80588e+12 168514
21.9456 2.81605e+12 166683
21.8203 2.80953e+12 165870
21.6954 2.81173e+12 166243
21.5342 2.84816e+12 164168
21.3974 2.86176e+12 164376
21.4907 2.86716e+12 165276
21.2521 2.86593e+12 164125
21.2336 2.8777e+12 164057
21.2371 2.87129e+12 163312
21.1973 2.87044e+12 163728
21.2115 2.85907e+12 163016
