7.03531 5.27905e+12 450212
10.2887 4.8289e+12 344066
10.7688 4.62e+12 335996
11.0267 4.49393e+12 336565
11.2494 4.40311e+12 333713
11.4161 4.35097e+12 333731
11.4942 4.30491e+12 334319
11.6064 4.27446e+12 331491
11.6673 4.24727e+12 331174
11.695 4.22608e+12 330792
11.7632 4.18709e+12 329656
11.8487 4.16993e+12 330232
11.9344 4.14938e+12 329129
11.9373 4.14271e+12 329957
11.9406 4.13144e+12 327877
11.989 4.12231e+12 328419
11.9488 4.10985e+12 327922
11.9985 4.10093e+12 328448
12.0352 4.09423e+12 328374
12.0132 4.09226e+12 327989
12.0729 4.08217e+12 327273
11.9946 4.07573e+12 329345
12.0329 4.07501e+12 328538
12.0652 4.07089e+12 326399
12.0637 4.05882e+12 328282
12.0886 4.05475e+12 326860
12.1026 4.04293e+12 327514
12.1265 4.04389e+12 326899
12.0738 4.04342e+12 327414
12.187 4.04065e+12 327236
12.1717 4.03184e+12 326581
12.1835 4.03041e+12 327829
12.1723 4.02722e+12 328125
12.1391 4.02493e+12 326567
12.2092 4.02093e+12 327176
12.2556 4.01984e+12 326214
12.2273 4.01569e+12 328054
12.1542 4.01125e+12 327414
12.2268 3.99895e+12 326149
12.3065 3.99061e+12 325699
12.3269 3.98378e+12 326903
12.3556 3.98166e+12 325788
12.3519 3.97713e+12 325839
12.3635 3.97559e+12 327172
12.337 3.97205e+12 326432
12.3431 3.96632e+12 325212
12.3379 3.97003e+12 325828
12.3867 3.97419e+12 325637
12.3802 3.9605e+12 327121
12.3461 3.95969e+12 326317
12.4208 3.9609e+12 325433
12.4027 3.96009e+12 326208
12.4252 3.95692e+12 325663
12.4173 3.95797e+12 325439
12.426 3.95182e+12 325875
12.4413 3.94926e+12 326513
12.4868 3.94415e+12 325607
12.4152 3.94824e+12 325464
12.4389 3.94847e+12 325783
12.4785 3.94792e+12 324847
12.4593 3.94499e+12 325362
12.4306 3.94032e+12 324973
12.4549 3.94514e+12 325166
12.4673 3.94384e+12 324447
12.4186 3.9422e+12 325327
12.4537 3.93774e+12 325309
12.4756 3.93413e+12 326443
12.4688 3.936e+12 324854
12.4219 3.93366e+12 326413
12.4634 3.93234e+12 323596
12.4494 3.93448e+12 325064
12.4783 3.92782e+12 325188
12.513 3.92425e+12 325848
12.5134 3.92669e+12 325333
12.4803 3.93139e+12 324277
12.443 3.925e+12 324580
12.4861 3.9278e+12 324731
12.5159 3.92307e+12 324913
12.5143 3.9233e+12 325579
12.4783 3.92458e+12 324846
12.4915 3.92537e+12 325631
12.4876 3.91686e+12 325771
12.5227 3.9215e+12 324115
12.4907 3.91708e+12 325280
12.5454 3.9183e+12 324949
12.5018 3.91868e+12 324575
12.4934 3.9182e+12 324958
12.5178 3.91569e+12 326084
12.4943 3.91895e+12 324766
12.5086 3.9166e+12 324551
12.4979 3.91831e+12 325233
12.559 3.91363e+12 326122
12.5286 3.9139e+12 326083
12.5196 3.91424e+12 324601
12.5177 3.91157e+12 325377
12.5234 3.91097e+12 324769
12.5111 3.90818e+12 325404
12.5102 3.9009e+12 324426
12.5781 3.90622e+12 325451
12.5139 3.90567e+12 324998
