8.07179 1.50464e+12 218999
8.13042 1.51088e+12 218386
8.15612 1.5187e+12 217602
8.23205 1.53039e+12 216873
8.2992 1.54003e+12 216034
8.3773 1.54438e+12 215553
8.35075 1.55558e+12 214243
8.4649 1.56543e+12 213128
8.52965 1.57316e+12 212799
8.60984 1.58334e+12 211788
8.70171 1.592e+12 211005
8.75702 1.60088e+12 209645
8.82448 1.60471e+12 208677
8.85894 1.61533e+12 208176
8.92329 1.62963e+12 207160
9.01627 1.63437e+12 206668
9.10616 1.64244e+12 205622
9.12883 1.65253e+12 204264
9.27636 1.66026e+12 203252
9.34823 1.66688e+12 202058
9.46048 1.67635e+12 201904
9.49622 1.68528e+12 200119
9.64002 1.693e+12 199620
9.65702 1.70398e+12 198155
9.76323 1.71495e+12 197420
9.80511 1.72654e+12 195346
9.95668 1.73523e+12 195199
10.0461 1.74132e+12 193813
10.1274 1.7498e+12 192794
10.2116 1.76152e+12 191390
10.3616 1.76736e+12 190832
10.4501 1.7794e+12 189660
10.5341 1.78861e+12 187893
10.6378 1.80078e+12 186757
10.7724 1.80872e+12 185835
10.8223 1.82267e+12 184550
11.0027 1.83109e+12 183224
11.1337 1.83766e+12 181120
11.1897 1.84963e+12 180452
11.2916 1.86275e+12 178922
11.4895 1.86938e+12 177747
11.6062 1.88273e+12 175980
11.7796 1.8911e+12 173962
11.8831 1.90182e+12 173134
11.9637 1.91155e+12 171957
12.1442 1.92477e+12 170666
12.3098 1.93592e+12 169061
12.4405 1.94499e+12 167432
12.6257 1.95835e+12 166212
12.7596 1.96277e+12 164113
12.7001 1.96786e+12 164253
12.7587 1.96851e+12 164827
12.7006 1.96365e+12 164830
12.7733 1.96242e+12 164391
