50.335 4.87085e+11 203255
50.1118 4.56233e+11 202642
49.9721 4.1727e+11 202142
49.8862 3.88164e+11 201955
49.6329 3.86428e+11 201183
49.5272 3.4999e+11 200896
49.2584 3.32543e+11 199912
49.1068 3.05858e+11 199414
48.9125 3.05545e+11 198968
48.836 3.03393e+11 198733
48.5841 3.02915e+11 197890
48.394 3.02753e+11 197167
48.23 3.01938e+11 196322
48.0211 3.01112e+11 195725
47.7984 3.01605e+11 195248
47.6991 3.01587e+11 194786
47.4651 3.00829e+11 193983
47.4034 3.00163e+11 193792
47.1545 3.00557e+11 193302
47.0225 2.99925e+11 192396
46.669 2.99722e+11 191213
46.5562 2.98321e+11 191015
46.5489 2.98784e+11 190380
46.2605 2.97923e+11 189803
46.083 2.97539e+11 189244
45.9154 2.9787e+11 188511
45.5995 2.97295e+11 187546
45.4846 2.96473e+11 186750
45.3795 2.97609e+11 186722
45.0485 2.97687e+11 185365
44.9384 2.92938e+11 185056
44.8041 2.67152e+11 184266
44.6349 2.66386e+11 183719
44.4858 2.6623e+11 182658
44.3022 2.67341e+11 182282
44.1486 2.66044e+11 181686
43.922 2.67249e+11 180726
43.7374 2.67303e+11 180114
43.5641 2.67599e+11 179212
43.3818 2.67933e+11 178664
43.2581 2.68309e+11 178080
42.9734 2.68003e+11 176833
42.7977 2.69054e+11 176358
42.7361 2.6956e+11 175524
42.5035 2.70039e+11 175161
42.3543 2.70051e+11 174355
42.1894 2.70118e+11 173865
42.1542 2.70413e+11 173047
41.7692 2.71842e+11 171731
41.6167 2.71894e+11 171209
41.4529 2.72342e+11 170359
41.1731 2.72866e+11 169350
41.1005 2.7265e+11 168484
40.9106 2.73642e+11 167741
40.6908 2.73894e+11 166937
40.4884 2.7429e+11 166016
40.2815 2.75482e+11 165301
40.1596 2.75303e+11 164412
39.9772 2.75455e+11 163550
39.9252 2.75632e+11 163184
39.5807 2.76717e+11 161856
39.4727 2.7739e+11 160892
39.2551 2.77038e+11 160378
39.0976 2.77975e+11 159250
38.8887 2.77209e+11 158182
38.7099 2.78989e+11 157223
38.5655 2.79558e+11 156629
38.2386 2.80623e+11 155253
38.0869 2.80372e+11 154498
38.04 2.81377e+11 153684
37.7971 2.8183e+11 152841
37.6668 2.81725e+11 151544
37.433 2.82376e+11 150514
37.3472 2.83508e+11 150353
37.1455 2.84198e+11 149199
36.969 2.83975e+11 148306
36.7141 2.84879e+11 146736
36.5727 2.8461e+11 145889
36.4186 2.85544e+11 144843
36.1901 2.86467e+11 143530
36.1517 2.85468e+11 143308
35.8863 2.86623e+11 142024
35.7597 2.87616e+11 141202
35.525 2.87692e+11 139700
35.3458 2.8838e+11 138834
35.2228 2.8869e+11 137891
34.9642 2.89684e+11 136281
34.8047 2.8996e+11 135612
34.6528 2.90626e+11 134771
34.5798 2.90635e+11 133573
34.3849 2.91498e+11 132855
34.1974 2.92229e+11 131927
34.0599 2.92691e+11 130549
33.8758 2.93664e+11 129427
33.7592 2.93873e+11 128606
33.5188 2.94476e+11 127108
33.4216 2.94686e+11 126825
33.515 2.94521e+11 127143
33.5235 2.94637e+11 126863
33.492 2.9369e+11 126834
