1 0.993444 -1 1 -1.00656 2 1 -1.00656 -1
-1 0 0
1 0.993444 -1 1 0.993444 2 1 -1.00656 2
-1 0 0
1 -1.00656 -1 -1 -1.00656 2 -1 -1.00656 -1
0 1 0
1 -1.00656 -1 1 -1.00656 2 -1 -1.00656 2
0 1 -0
-1 -1.00656 -1 -1 0.993444 2 -1 0.993444 -1
1 0 0
-1 -1.00656 -1 -1 -1.00656 2 -1 0.993444 2
1 0 0
-1 0.993444 -1 1 0.993444 2 1 0.993444 -1
0 -1 0
-1 0.993444 -1 -1 0.993444 2 1 0.993444 2
0 -1 0
1 0.993444 2 -1 -1.00656 2 1 -1.00656 2
0 -0 -1
1 0.993444 2 -1 0.993444 2 -1 -1.00656 2
-0 0 -1
1 -1.00656 -1 -1 0.993444 -1 1 0.993444 -1
0 -0 1
1 -1.00656 -1 -1 -1.00656 -1 -1 0.993444 -1
0 0 1
0.46882 0.993324 1.99626 0.457912 -0.505658 2.03038 0.457912 0.993324 2.03038
0.952503 0 0.304529
0.46882 0.993324 1.99626 0.46882 -0.505658 1.99626 0.457912 -0.505658 2.03038
0.952503 0 0.304529
0.46882 -0.505658 1.99626 -0.46882 -0.505658 1.7341 0.457912 -0.505658 2.03038
-0 -1 0
0.46882 -0.505658 1.99626 -0.457912 -0.505658 1.69998 -0.46882 -0.505658 1.7341
0 -1 0
-0.457912 -0.505658 1.69998 -0.46882 0.993324 1.7341 -0.46882 -0.505658 1.7341
-0.952508 0 -0.304514
-0.457912 -0.505658 1.69998 -0.457912 0.993324 1.69998 -0.46882 0.993324 1.7341
-0.952508 0 -0.304514
-0.457912 0.993324 1.69998 0.457912 0.993324 2.03038 -0.46882 0.993324 1.7341
0 1 -0
-0.457912 0.993324 1.69998 0.46882 0.993324 1.99626 0.457912 0.993324 2.03038
0 1 0
0.457912 0.993324 2.03038 -0.46882 -0.505658 1.7341 -0.46882 0.993324 1.7341
-0.304514 0 0.952508
0.457912 0.993324 2.03038 0.457912 -0.505658 2.03038 -0.46882 -0.505658 1.7341
-0.304514 0 0.952508
0.46882 -0.505658 1.99626 -0.457912 0.993324 1.69998 -0.457912 -0.505658 1.69998
0.304516 0 -0.952507
0.46882 -0.505658 1.99626 0.46882 0.993324 1.99626 -0.457912 0.993324 1.69998
0.304516 0 -0.952507
0.586154 1 1.62249 0.186154 0.6 1.62249 0.186154 1 1.62249
0 0 1
0.586154 1 1.62249 0.586154 0.6 1.62249 0.186154 0.6 1.62249
0 0 1
0.586154 0.6 1.62249 0.186154 0.6 1.22249 0.186154 0.6 1.62249
-0 -1 0
0.586154 0.6 1.62249 0.586154 0.6 1.22249 0.186154 0.6 1.22249
0 -1 -0
0.586154 0.6 1.22249 0.186154 1 1.22249 0.186154 0.6 1.22249
0 0 -1
0.586154 0.6 1.22249 0.586154 1 1.22249 0.186154 1 1.22249
0 0 -1
0.586154 1 1.22249 0.186154 1 1.62249 0.186154 1 1.22249
0 1 0
0.586154 1 1.22249 0.586154 1 1.62249 0.186154 1 1.62249
0 1 -0
0.186154 1 1.62249 0.186154 0.6 1.22249 0.186154 1 1.22249
-1 0 -0
0.186154 1 1.62249 0.186154 0.6 1.62249 0.186154 0.6 1.22249
-1 -0 0
0.586154 1 1.22249 0.586154 0.6 1.62249 0.586154 1 1.62249
1 0 -0
0.586154 1 1.22249 0.586154 0.6 1.22249 0.586154 0.6 1.62249
1 0 0
0.355 -0.5 1.998 -0.575 -0.5 1.998 -0.575 1 1.998
0 0 1
0.355 -0.5 1.998 -0.575 1 1.998 0.355 1 1.998
0 -0 1
