6 0 229136
3 0 50787
3 0 21398
3 0 14902
3 0 11759
3 0 9506
3 0 9006
3 0 7936
3 0 7860
3 0 7247
3 0 7085
3 0 6810
3 0 6590
3 0 6398
3 0 6462
3 0 6383
3 0 6132
3 0 6071
11 0 62781
4 0 34721
4 0 20261
4 0 14294
3 0 11147
3 0 9440
3 0 8359
3 0 7396
3 0 6903
3 0 6507
3 0 5900
3 0 5678
3 0 5403
3 0 5212
3 0 4996
3 0 4867
3 0 4738
3 0 4693
3 0 4487
3 0 4451
3 0 4378
3 0 4315
3 0 4180
3 0 4095
3 0 4138
3 0 4020
3 0 4077
3 0 4036
3 0 3944
3 0 3868
3 0 3861
3 0 3814
3 0 3910
3 0 3813
3 0 3748
3 0 3767
3 0 3739
3 0 3791
3 0 3665
3 0 3692
3 0 3592
3 0 3621
3 0 3624
3 0 3547
3 0 3622
3 0 3587
3 0 3558
3 0 3581
3 0 3603
3 0 3536
3 0 3492
3 0 3458
3 0 3471
3 0 3521
3 0 3517
3 0 3513
3 0 3549
3 0 3443
3 0 3484
3 0 3381
3 0 3322
3 0 3461
3 0 3403
3 0 3405
3 0 3361
3 0 3470
3 0 3488
3 0 3390
3 0 3400
3 0 3401
3 0 3400
3 0 3364
3 0 3382
3 0 3338
3 0 3427
3 0 3427
3 0 3421
3 0 3337
3 0 3344
3 0 3326
3 0 3513
3 0 3317
3 0 3350
3 0 3424
3 0 3381
3 0 3327
3 0 3211
3 0 3323
3 0 3360
3 0 3322
3 0 3382
3 0 3353
3 0 3300
11 0 62234
4 0 34042
4 0 19915
4 0 14204
3 0 11277
3 0 9069
3 0 7915
3 0 7002
3 0 6447
3 0 5808
3 0 5601
3 0 5254
3 0 5142
3 0 5052
3 0 4825
3 0 4536
3 0 4443
3 0 4428
3 0 4208
3 0 4170
3 0 4071
3 0 4054
3 0 4078
3 0 3988
3 0 3943
3 0 3786
3 0 3812
3 0 3727
3 0 3709
3 0 3721
3 0 3736
3 0 3715
3 0 3612
3 0 3664
3 0 3489
3 0 3518
3 0 3463
3 0 3579
3 0 3495
3 0 3428
3 0 3348
3 0 3356
3 0 3389
3 0 3383
3 0 3327
3 0 3223
3 0 3253
3 0 3390
3 0 3213
3 0 3332
3 0 3365
3 0 3314
3 0 3400
3 0 3300
11 0 68494
5 0 42662
4 0 27641
4 0 21124
4 0 18068
4 0 16219
3 0 14938
3 0 14084
3 0 13373
3 0 13196
3 0 12982
3 0 12687
3 0 12456
3 0 12542
3 0 12325
3 0 12191
3 0 12147
3 0 11936
3 0 12072
3 0 12015
3 0 11714
3 0 11577
3 0 11766
3 0 11484
3 0 11597
3 0 11613
3 0 11303
3 0 11534
3 0 11396
3 0 11408
3 0 11280
3 0 11424
3 0 11345
3 0 11364
3 0 11542
3 0 11343
3 0 11312
3 0 10838
3 0 11264
3 0 11031
3 0 11226
3 0 11346
3 0 11358
3 0 11114
3 0 10947
3 0 11003
3 0 11135
3 0 10876
3 0 11096
3 0 11003
3 0 10870
3 0 10908
3 0 11032
3 0 10923
3 0 10919
3 0 10998
3 0 10827
3 0 10822
3 0 11023
3 0 10892
3 0 10969
3 0 10955
3 0 11130
3 0 10971
3 0 11044
3 0 11127
3 0 11001
3 0 11413
3 0 11112
3 0 11191
3 0 11402
3 0 11336
3 0 11002
3 0 11132
3 0 11116
3 0 11154
3 0 11318
3 0 11136
3 0 11113
3 0 11188
3 0 11087
3 0 11200
11 0 68261
5 0 42584
4 0 27767
4 0 20691
4 0 17714
4 0 15904
3 0 14814
3 0 13858
3 0 13249
3 0 13055
3 0 12639
3 0 12727
3 0 12467
3 0 12335
3 0 12298
3 0 11898
3 0 11881
3 0 11975
3 0 11828
3 0 11960
3 0 11585
3 0 11851
3 0 12008
3 0 11774
3 0 12034
3 0 11660
3 0 11783
3 0 11738
3 0 11811
3 0 11557
3 0 11640
3 0 11558
3 0 11551
3 0 12070
3 0 11562
3 0 11582
3 0 11875
3 0 11921
3 0 11878
3 0 11650
3 0 11897
3 0 11755
3 0 12011
3 0 11851
3 0 11926
3 0 12130
3 0 11898
3 0 12075
3 0 12247
3 0 12054
3 0 11766
3 0 12103
3 0 12141
3 0 11850
3 0 12079
3 0 12141
3 0 12056
3 0 11936
3 0 11878
3 0 11909
3 0 12153
3 0 12128
3 0 12074
3 0 12385
3 0 12009
3 0 12238
3 0 12433
3 0 12369
3 0 12546
3 0 12737
3 0 12457
3 0 12384
3 0 12419
3 0 12589
3 0 12510
3 0 12497
3 0 12522
3 0 12055
3 0 12284
3 0 12621
3 0 12253
3 0 12578
11 0 62272
5 0 34536
4 0 19647
4 0 13839
3 0 10577
3 0 8901
3 0 7587
3 0 7111
3 0 6451
3 0 5762
3 0 5461
3 0 5194
3 0 5006
3 0 4923
3 0 4472
3 0 4365
3 0 4285
3 0 4416
3 0 4169
3 0 4015
3 0 3918
3 0 3828
3 0 3825
3 0 3832
3 0 3695
3 0 3821
3 0 3675
3 0 3668
3 0 3630
3 0 3445
3 0 3643
3 0 3514
3 0 3367
3 0 3429
3 0 3417
3 0 3433
3 0 3325
3 0 3380
3 0 3228
3 0 3342
3 0 3196
3 0 3309
3 0 3263
3 0 3257
3 0 3175
3 0 3301
3 0 3221
3 0 3145
3 0 3157
3 0 3081
3 0 3103
3 0 3243
3 0 3140
3 0 3117
3 0 3233
3 0 3152
3 0 3167
3 0 3098
3 0 3235
3 0 3064
3 0 2990
3 0 3053
3 0 3155
3 0 3110
3 0 3088
3 0 3137
3 0 3064
3 0 2950
3 0 3140
3 0 2948
3 0 3079
3 0 3057
3 0 3013
3 0 2976
3 0 3088
3 0 2912
3 0 2952
3 0 3071
3 0 2944
3 0 2903
3 0 2914
3 0 2985
3 0 3003
3 0 2978
3 0 3011
3 0 2991
3 0 3058
3 0 2941
3 0 2972
3 0 2927
3 0 2902
3 0 2970
3 0 2965
3 0 3035
3 0 2919
3 0 3001
3 0 2988
3 0 2882
3 0 2954
3 0 2955
41 0 266689
13 0 207303
10 0 100478
10 0 77615
9 0 68718
9 0 62991
9 0 59529
8 0 56553
