35 0 235129
20 0 243739
12 0 171896
10 0 128567
9 0 101918
8 0 84591
7 0 71696
7 0 62823
7 0 56615
7 0 51409
6 0 46986
6 0 44303
6 0 41642
6 0 39199
6 0 37495
6 0 35832
6 0 34830
6 0 33733
6 0 32784
5 0 31740
5 0 31085
5 0 30082
5 0 29491
5 0 29282
5 0 28257
5 0 28194
5 0 27793
5 0 27440
5 0 27173
5 0 26872
5 0 26407
5 0 26597
5 0 26260
5 0 26064
5 0 26002
5 0 25963
5 0 25520
5 0 25279
5 0 25459
5 0 25252
5 0 25136
5 0 25039
5 0 24789
5 0 24876
5 0 24557
5 0 24631
5 0 24478
5 0 24251
5 0 24356
5 0 24396
5 0 24341
5 0 24468
5 0 24012
5 0 24101
5 0 24033
5 0 23846
5 0 24069
5 0 23652
5 0 23997
5 0 23917
5 0 23507
5 0 23690
5 0 23551
5 0 23699
5 0 23661
5 0 23853
4 0 23819
4 0 23412
4 0 23817
4 0 23818
4 0 23621
4 0 23643
4 0 23581
4 0 23511
4 0 23595
4 0 23326
4 0 23472
4 0 23451
4 0 23404
4 0 23432
4 0 23243
4 0 23328
4 0 23523
4 0 23373
4 0 23584
4 0 23470
4 0 23448
4 0 23429
4 0 23501
4 0 23497
4 0 23437
4 0 23138
4 0 23069
4 0 23328
4 0 23205
4 0 23465
4 0 23378
4 0 23286
4 0 23392
4 0 23161
