34 0 305873
28 0 390602
13 0 324829
10 0 276353
9 0 245451
8 0 225196
8 0 211272
7 0 200943
7 0 193248
7 0 186789
7 0 181802
7 0 178257
7 0 174167
7 0 171348
7 0 169315
6 0 166881
6 0 165192
6 0 163559
6 0 162714
6 0 161111
6 0 160114
6 0 158569
6 0 157657
6 0 156113
6 0 155641
6 0 155156
6 0 153919
6 0 153726
6 0 152746
6 0 152303
6 0 151680
6 0 151433
6 0 150532
6 0 150164
6 0 150184
6 0 149168
6 0 148361
6 0 148156
6 0 147937
6 0 147737
6 0 147108
6 0 146742
6 0 146633
6 0 146144
6 0 146129
6 0 146085
6 0 145469
6 0 145607
6 0 145037
6 0 144804
6 0 144784
6 0 143880
6 0 144049
6 0 143212
6 0 144143
6 0 143114
6 0 143283
6 0 142609
6 0 142340
6 0 142278
6 0 141907
6 0 142018
6 0 142197
6 0 142240
6 0 141923
6 0 141834
6 0 141287
6 0 141578
6 0 140483
6 0 140848
6 0 140815
6 0 140532
6 0 140590
6 0 140014
6 0 140072
6 0 140135
6 0 139706
6 0 139695
6 0 139652
6 0 139672
6 0 139574
6 0 139442
6 0 139248
6 0 138820
6 0 139074
6 0 138916
6 0 138820
6 0 138615
6 0 139197
5 0 138280
5 0 138822
5 0 138112
5 0 138478
5 0 138234
5 0 137989
5 0 137774
5 0 137496
5 0 137427
5 0 137930
5 0 137636
6 0 463054
5 0 410931
5 0 283282
4 0 195155
4 0 159981
4 0 145335
4 0 138516
4 0 135399
4 0 132476
4 0 131430
4 0 130963
4 0 130444
4 0 130114
4 0 129417
4 0 128964
4 0 128925
4 0 129047
4 0 129074
4 0 128961
4 0 129074
4 0 129291
4 0 129054
4 0 128584
4 0 129008
4 0 129050
4 0 129083
4 0 129846
4 0 129043
4 0 129279
4 0 129020
4 0 129150
4 0 128855
4 0 129385
4 0 129693
4 0 129348
4 0 129516
4 0 129495
4 0 129390
4 0 129924
4 0 129602
4 0 129971
4 0 129271
4 0 129765
4 0 129569
4 0 129351
4 0 129710
4 0 129669
4 0 129792
4 0 129902
4 0 129987
4 0 129364
4 0 129927
4 0 129818
4 0 130935
4 0 129510
4 0 130019
4 0 129297
4 0 129959
4 0 129639
4 0 130348
4 0 130075
4 0 130253
4 0 130089
4 0 130608
4 0 130358
4 0 130700
4 0 130116
4 0 130152
4 0 130022
4 0 130049
4 0 130702
4 0 130836
4 0 130807
4 0 130490
4 0 130578
4 0 130131
4 0 130866
4 0 130595
4 0 130497
4 0 130347
4 0 130680
4 0 130249
4 0 130794
4 0 130112
4 0 130631
4 0 130907
4 0 130402
4 0 130744
4 0 130779
4 0 130665
4 0 131358
4 0 130514
4 0 130508
4 0 131008
4 0 130892
4 0 130752
4 0 130694
4 0 130832
4 0 131087
4 0 130680
