41 0 266689
13 0 207292
10 0 100339
10 0 78287
9 0 69098
9 0 63413
9 0 59494
8 0 56851
8 0 54625
8 0 52758
8 0 51661
8 0 50101
8 0 49516
8 0 48439
8 0 47659
7 0 46939
7 0 45714
7 0 45519
7 0 45070
7 0 44412
7 0 44216
7 0 43993
7 0 43682
7 0 43048
7 0 42700
7 0 42245
7 0 42055
7 0 41835
7 0 41726
7 0 41347
7 0 41338
7 0 40903
7 0 40922
7 0 40650
7 0 40376
7 0 40483
7 0 40033
7 0 40448
7 0 40144
7 0 39852
7 0 39809
7 0 39655
7 0 39509
7 0 39091
7 0 39531
7 0 39436
7 0 38896
7 0 38736
7 0 38970
7 0 38903
7 0 38787
7 0 38806
7 0 38674
7 0 38451
7 0 38797
7 0 38576
6 0 38394
6 0 38290
6 0 38635
6 0 38302
6 0 38236
6 0 38064
6 0 38048
6 0 38077
6 0 37992
6 0 37925
6 0 37487
6 0 37832
6 0 38037
6 0 37677
6 0 37724
6 0 37561
6 0 37445
6 0 37500
6 0 37628
6 0 37496
6 0 37464
6 0 37460
6 0 37494
6 0 37068
6 0 37399
6 0 37403
6 0 36930
6 0 37159
6 0 37846
6 0 36775
6 0 37233
6 0 37002
6 0 37282
6 0 37207
6 0 37128
6 0 37033
6 0 36903
6 0 37089
6 0 36799
6 0 37033
6 0 36918
6 0 36885
6 0 36603
6 0 36896
