34 0 305873
28 0 390601
13 0 325004
10 0 276385
9 0 245995
8 0 225270
8 0 211061
7 0 200601
7 0 192760
7 0 186798
7 0 182161
7 0 177887
7 0 174098
7 0 171365
7 0 169000
7 0 166905
6 0 165313
6 0 163234
6 0 161953
6 0 161001
6 0 159607
6 0 158581
6 0 157854
6 0 156539
6 0 155414
6 0 154417
6 0 153953
6 0 153686
6 0 152608
6 0 152274
6 0 151816
6 0 151374
6 0 150870
6 0 149869
6 0 149469
6 0 148517
6 0 148615
6 0 148611
6 0 147846
6 0 148017
6 0 147738
6 0 146992
34 0 305873
28 0 390577
13 0 325489
10 0 276407
9 0 245760
8 0 224906
8 0 210962
7 0 200268
7 0 192978
7 0 186480
7 0 182072
7 0 177832
7 0 174292
7 0 171417
7 0 169254
6 0 166983
6 0 165309
6 0 163179
6 0 161890
6 0 160872
6 0 159270
6 0 158512
6 0 157610
6 0 155635
6 0 155700
6 0 155002
6 0 153597
6 0 153299
6 0 152633
6 0 151798
6 0 151106
6 0 150787
6 0 150615
6 0 150203
6 0 149458
6 0 148821
6 0 148244
6 0 148278
6 0 147993
6 0 147291
6 0 147335
6 0 146512
6 0 146638
6 0 145640
6 0 145814
6 0 145862
6 0 145369
6 0 145036
6 0 144740
6 0 143961
6 0 144445
6 0 143958
6 0 143942
6 0 143261
6 0 143563
6 0 143162
6 0 142697
6 0 142641
6 0 142399
6 0 142451
6 0 142415
6 0 142206
6 0 142136
6 0 142228
6 0 141978
6 0 141716
6 0 140832
6 0 141127
6 0 141043
6 0 140760
6 0 140513
6 0 140763
6 0 140554
6 0 140099
6 0 140009
6 0 139900
6 0 139965
6 0 139683
6 0 140048
6 0 139333
6 0 139945
6 0 138919
6 0 139486
6 0 139249
5 0 138456
5 0 138566
5 0 138589
5 0 138695
5 0 138360
5 0 139110
5 0 138253
5 0 137982
5 0 138578
5 0 138374
5 0 138122
5 0 137751
5 0 138412
5 0 137799
5 0 137498
5 0 137689
