1 1 -1 1 -1 2 1 -1 -1
1 1 -1 1 1 2 1 -1 2
1 -1 -1 -1 -1 2 -1 -1 -1
1 -1 -1 1 -1 2 -1 -1 2
-1 -1 -1 -1 1 2 -1 1 -1
-1 -1 -1 -1 -1 2 -1 1 2
-1 1 -1 1 1 2 1 1 -1
-1 1 -1 -1 1 2 1 1 2
1 1 2 -1 -1 2 1 -1 2
1 1 2 -1 1 2 -1 -1 2
1 -1 -1 -1 1 -1 1 1 -1
1 -1 -1 -1 -1 -1 -1 1 -1
-0.106066 1 1.10607 -0.0913142 1 1.119 -0.119003 1 1.09131
-0.119003 1 1.09131 -0.0913142 1 1.119 -0.100993 0.954167 1.10099
-0.0913142 1 1.119 -0.075 1 1.1299 -0.100993 0.954167 1.10099
-0.100993 0.954167 1.10099 -0.075 1 1.1299 -0.0839511 0.954167 1.11555
-0.075 1 1.1299 -0.0574025 1 1.13858 -0.0839511 0.954167 1.11555
-0.0839511 0.954167 1.11555 -0.0574025 1 1.13858 -0.0648417 0.954167 1.12726
-0.0574025 1 1.13858 -0.0388229 1 1.14489 -0.0648417 0.954167 1.12726
-0.0648417 0.954167 1.12726 -0.0388229 1 1.14489 -0.0441357 0.954167 1.13584
-0.0388229 1 1.14489 -0.0195789 1 1.14872 -0.0441357 0.954167 1.13584
-0.0441357 0.954167 1.13584 -0.0195789 1 1.14872 -0.022343 0.954167 1.14107
-0.0195789 1 1.14872 -1.31134e-08 1 1.15 -0.022343 0.954167 1.14107
-0.022343 0.954167 1.14107 -1.31134e-08 1 1.15 -1.24863e-08 0.954167 1.14283
-1.31134e-08 1 1.15 0.0195789 1 1.14872 -1.24863e-08 0.954167 1.14283
-1.24863e-08 0.954167 1.14283 0.0195789 1 1.14872 0.0223429 0.954167 1.14107
0.0195789 1 1.14872 0.0388229 1 1.14489 0.0223429 0.954167 1.14107
0.0223429 0.954167 1.14107 0.0388229 1 1.14489 0.0441357 0.954167 1.13584
0.0388229 1 1.14489 0.0574025 1 1.13858 0.0441357 0.954167 1.13584
0.0441357 0.954167 1.13584 0.0574025 1 1.13858 0.0648417 0.954167 1.12726
0.0574025 1 1.13858 0.075 1 1.1299 0.0648417 0.954167 1.12726
0.0648417 0.954167 1.12726 0.075 1 1.1299 0.0839511 0.954167 1.11555
0.075 1 1.1299 0.0913142 1 1.119 0.0839511 0.954167 1.11555
0.0839511 0.954167 1.11555 0.0913142 1 1.119 0.100993 0.954167 1.10099
0.0913142 1 1.119 0.106066 1 1.10607 0.100993 0.954167 1.10099
0.100993 0.954167 1.10099 0.106066 1 1.10607 0.119003 1 1.09131
-0.119003 1 1.09131 -0.100993 0.954167 1.10099 -0.129904 1 1.075
-0.129904 1 1.075 -0.100993 0.954167 1.10099 -0.115549 0.954167 1.08395
-0.100993 0.954167 1.10099 -0.0839511 0.954167 1.11555 -0.115549 0.954167 1.08395
-0.115549 0.954167 1.08395 -0.0839511 0.954167 1.11555 -0.0881917 0.916667 1.08819
-0.0839511 0.954167 1.11555 -0.0648417 0.954167 1.12726 -0.0881917 0.916667 1.08819
-0.0881917 0.916667 1.08819 -0.0648417 0.954167 1.12726 -0.0692918 0.916667 1.1037
-0.0648417 0.954167 1.12726 -0.0441357 0.954167 1.13584 -0.0692918 0.916667 1.1037
-0.0692918 0.916667 1.1037 -0.0441357 0.954167 1.13584 -0.047729 0.916667 1.11523
-0.0441357 0.954167 1.13584 -0.022343 0.954167 1.14107 -0.047729 0.916667 1.11523
-0.047729 0.916667 1.11523 -0.022343 0.954167 1.14107 -0.0243321 0.916667 1.12233
-0.022343 0.954167 1.14107 -1.24863e-08 0.954167 1.14283 -0.0243321 0.916667 1.12233
-0.0243321 0.916667 1.12233 -1.24863e-08 0.954167 1.14283 -1.09035e-08 0.916667 1.12472
-1.24863e-08 0.954167 1.14283 0.0223429 0.954167 1.14107 -1.09035e-08 0.916667 1.12472
-1.09035e-08 0.916667 1.12472 0.0223429 0.954167 1.14107 0.024332 0.916667 1.12233
0.0223429 0.954167 1.14107 0.0441357 0.954167 1.13584 0.024332 0.916667 1.12233
0.024332 0.916667 1.12233 0.0441357 0.954167 1.13584 0.047729 0.916667 1.11523
0.0441357 0.954167 1.13584 0.0648417 0.954167 1.12726 0.047729 0.916667 1.11523
0.047729 0.916667 1.11523 0.0648417 0.954167 1.12726 0.0692918 0.916667 1.1037
0.0648417 0.954167 1.12726 0.0839511 0.954167 1.11555 0.0692918 0.916667 1.1037
0.0692918 0.916667 1.1037 0.0839511 0.954167 1.11555 0.0881917 0.916667 1.08819
0.0839511 0.954167 1.11555 0.100993 0.954167 1.10099 0.0881917 0.916667 1.08819
0.0881917 0.916667 1.08819 0.100993 0.954167 1.10099 0.115549 0.954167 1.08395
0.100993 0.954167 1.10099 0.119003 1 1.09131 0.115549 0.954167 1.08395
0.115549 0.954167 1.08395 0.119003 1 1.09131 0.129904 1 1.075
-0.129904 1 1.075 -0.115549 0.954167 1.08395 -0.138582 1 1.0574
-0.138582 1 1.0574 -0.115549 0.954167 1.08395 -0.127259 0.954167 1.06484
-0.115549 0.954167 1.08395 -0.0881917 0.916667 1.08819 -0.127259 0.954167 1.06484
-0.127259 0.954167 1.06484 -0.0881917 0.916667 1.08819 -0.103702 0.916667 1.06929
-0.0881917 0.916667 1.08819 -0.0692918 0.916667 1.1037 -0.103702 0.916667 1.06929
-0.103702 0.916667 1.06929 -0.0692918 0.916667 1.1037 -0.0701561 0.8875 1.07016
-0.0692918 0.916667 1.1037 -0.047729 0.916667 1.11523 -0.0701561 0.8875 1.07016
-0.0701561 0.8875 1.07016 -0.047729 0.916667 1.11523 -0.0496078 0.8875 1.08592
-0.047729 0.916667 1.11523 -0.0243321 0.916667 1.12233 -0.0496078 0.8875 1.08592
-0.0496078 0.8875 1.08592 -0.0243321 0.916667 1.12233 -0.0256789 0.8875 1.09583
-0.0243321 0.916667 1.12233 -1.09035e-08 0.916667 1.12472 -0.0256789 0.8875 1.09583
-0.0256789 0.8875 1.09583 -1.09035e-08 0.916667 1.12472 -8.67371e-09 0.8875 1.09922
-1.09035e-08 0.916667 1.12472 0.024332 0.916667 1.12233 -8.67371e-09 0.8875 1.09922
-8.67371e-09 0.8875 1.09922 0.024332 0.916667 1.12233 0.0256789 0.8875 1.09583
0.024332 0.916667 1.12233 0.047729 0.916667 1.11523 0.0256789 0.8875 1.09583
0.0256789 0.8875 1.09583 0.047729 0.916667 1.11523 0.0496078 0.8875 1.08592
0.047729 0.916667 1.11523 0.0692918 0.916667 1.1037 0.0496078 0.8875 1.08592
0.0496078 0.8875 1.08592 0.0692918 0.916667 1.1037 0.0701561 0.8875 1.07016
0.0692918 0.916667 1.1037 0.0881917 0.916667 1.08819 0.0701561 0.8875 1.07016
0.0701561 0.8875 1.07016 0.0881917 0.916667 1.08819 0.103702 0.916667 1.06929
0.0881917 0.916667 1.08819 0.115549 0.954167 1.08395 0.103702 0.916667 1.06929
0.103702 0.916667 1.06929 0.115549 0.954167 1.08395 0.127259 0.954167 1.06484
0.115549 0.954167 1.08395 0.129904 1 1.075 0.127259 0.954167 1.06484
0.127259 0.954167 1.06484 0.129904 1 1.075 0.138582 1 1.0574
-0.138582 1 1.0574 -0.127259 0.954167 1.06484 -0.144889 1 1.03882
-0.144889 1 1.03882 -0.127259 0.954167 1.06484 -0.135836 0.954167 1.04414
-0.127259 0.954167 1.06484 -0.103702 0.916667 1.06929 -0.135836 0.954167 1.04414
-0.135836 0.954167 1.04414 -0.103702 0.916667 1.06929 -0.115228 0.916667 1.04773
-0.103702 0.916667 1.06929 -0.0701561 0.8875 1.07016 -0.115228 0.916667 1.04773
-0.115228 0.916667 1.04773 -0.0701561 0.8875 1.07016 -0.0859233 0.8875 1.04961
-0.0701561 0.8875 1.07016 -0.0496078 0.8875 1.08592 -0.0859233 0.8875 1.04961
-0.0859233 0.8875 1.04961 -0.0496078 0.8875 1.08592 -0.0485913 0.866667 1.04859
-0.0496078 0.8875 1.08592 -0.0256789 0.8875 1.09583 -0.0485913 0.866667 1.04859
-0.0485913 0.866667 1.04859 -0.0256789 0.8875 1.09583 -0.0262974 0.866667 1.06349
-0.0256789 0.8875 1.09583 -8.67371e-09 0.8875 1.09922 -0.0262974 0.866667 1.06349
-0.0262974 0.866667 1.06349 -8.67371e-09 0.8875 1.09922 -6.00756e-09 0.866667 1.06872
-8.67371e-09 0.8875 1.09922 0.0256789 0.8875 1.09583 -6.00756e-09 0.866667 1.06872
-6.00756e-09 0.866667 1.06872 0.0256789 0.8875 1.09583 0.0262974 0.866667 1.06349
0.0256789 0.8875 1.09583 0.0496078 0.8875 1.08592 0.0262974 0.866667 1.06349
0.0262974 0.866667 1.06349 0.0496078 0.8875 1.08592 0.0485913 0.866667 1.04859
0.0496078 0.8875 1.08592 0.0701561 0.8875 1.07016 0.0485913 0.866667 1.04859
0.0485913 0.866667 1.04859 0.0701561 0.8875 1.07016 0.0859233 0.8875 1.04961
0.0701561 0.8875 1.07016 0.103702 0.916667 1.06929 0.0859233 0.8875 1.04961
0.0859233 0.8875 1.04961 0.103702 0.916667 1.06929 0.115228 0.916667 1.04773
0.103702 0.916667 1.06929 0.127259 0.954167 1.06484 0.115228 0.916667 1.04773
0.115228 0.916667 1.04773 0.127259 0.954167 1.06484 0.135836 0.954167 1.04414
0.127259 0.954167 1.06484 0.138582 1 1.0574 0.135836 0.954167 1.04414
0.135836 0.954167 1.04414 0.138582 1 1.0574 0.144889 1 1.03882
-0.144889 1 1.03882 -0.135836 0.954167 1.04414 -0.148717 1 1.01958
-0.148717 1 1.01958 -0.135836 0.954167 1.04414 -0.141068 0.954167 1.02234
-0.135836 0.954167 1.04414 -0.115228 0.916667 1.04773 -0.141068 0.954167 1.02234
-0.141068 0.954167 1.02234 -0.115228 0.916667 1.04773 -0.122325 0.916667 1.02433
-0.115228 0.916667 1.04773 -0.0859233 0.8875 1.04961 -0.122325 0.916667 1.02433
-0.122325 0.916667 1.02433 -0.0859233 0.8875 1.04961 -0.095835 0.8875 1.02568
-0.0859233 0.8875 1.04961 -0.0485913 0.866667 1.04859 -0.095835 0.8875 1.02568
-0.095835 0.8875 1.02568 -0.0485913 0.866667 1.04859 -0.0634875 0.866667 1.0263
-0.0485913 0.866667 1.04859 -0.0262974 0.866667 1.06349 -0.0634875 0.866667 1.0263
-0.0634875 0.866667 1.0263 -0.0262974 0.866667 1.06349 -0.0248258 0.854167 1.02483
-0.0262974 0.866667 1.06349 -6.00756e-09 0.866667 1.06872 -0.0248258 0.854167 1.02483
-0.0248258 0.854167 1.02483 -6.00756e-09 0.866667 1.06872 -3.06932e-09 0.854167 1.03511
-6.00756e-09 0.866667 1.06872 0.0262974 0.866667 1.06349 -3.06932e-09 0.854167 1.03511
-3.06932e-09 0.854167 1.03511 0.0262974 0.866667 1.06349 0.0248258 0.854167 1.02483
0.0262974 0.866667 1.06349 0.0485913 0.866667 1.04859 0.0248258 0.854167 1.02483
0.0248258 0.854167 1.02483 0.0485913 0.866667 1.04859 0.0634876 0.866667 1.0263
0.0485913 0.866667 1.04859 0.0859233 0.8875 1.04961 0.0634876 0.866667 1.0263
0.0634876 0.866667 1.0263 0.0859233 0.8875 1.04961 0.095835 0.8875 1.02568
0.0859233 0.8875 1.04961 0.115228 0.916667 1.04773 0.095835 0.8875 1.02568
0.095835 0.8875 1.02568 0.115228 0.916667 1.04773 0.122325 0.916667 1.02433
0.115228 0.916667 1.04773 0.135836 0.954167 1.04414 0.122325 0.916667 1.02433
0.122325 0.916667 1.02433 0.135836 0.954167 1.04414 0.141068 0.954167 1.02234
0.135836 0.954167 1.04414 0.144889 1 1.03882 0.141068 0.954167 1.02234
0.141068 0.954167 1.02234 0.144889 1 1.03882 0.148717 1 1.01958
-0.148717 1 1.01958 -0.141068 0.954167 1.02234 -0.15 1 1
-0.15 1 1 -0.141068 0.954167 1.02234 -0.142826 0.954167 1
-0.141068 0.954167 1.02234 -0.122325 0.916667 1.02433 -0.142826 0.954167 1
-0.142826 0.954167 1 -0.122325 0.916667 1.02433 -0.124722 0.916667 1
-0.122325 0.916667 1.02433 -0.095835 0.8875 1.02568 -0.124722 0.916667 1
-0.124722 0.916667 1 -0.095835 0.8875 1.02568 -0.0992157 0.8875 1
-0.095835 0.8875 1.02568 -0.0634875 0.866667 1.0263 -0.0992157 0.8875 1
-0.0992157 0.8875 1 -0.0634875 0.866667 1.0263 -0.0687184 0.866667 1
-0.0634875 0.866667 1.0263 -0.0248258 0.854167 1.02483 -0.0687184 0.866667 1
-0.0687184 0.866667 1 -0.0248258 0.854167 1.02483 -0.035109 0.854167 1
-0.0248258 0.854167 1.02483 -3.06932e-09 0.854167 1.03511 -0.035109 0.854167 1
-0.035109 0.854167 1 -3.06932e-09 0.854167 1.03511 0 0.85 1
-3.06932e-09 0.854167 1.03511 0.0248258 0.854167 1.02483 0 0.85 1
0 0.85 1 0.0248258 0.854167 1.02483 0.035109 0.854167 1
0.0248258 0.854167 1.02483 0.0634876 0.866667 1.0263 0.035109 0.854167 1
0.035109 0.854167 1 0.0634876 0.866667 1.0263 0.0687184 0.866667 1
0.0634876 0.866667 1.0263 0.095835 0.8875 1.02568 0.0687184 0.866667 1
0.0687184 0.866667 1 0.095835 0.8875 1.02568 0.0992157 0.8875 1
0.095835 0.8875 1.02568 0.122325 0.916667 1.02433 0.0992157 0.8875 1
0.0992157 0.8875 1 0.122325 0.916667 1.02433 0.124722 0.916667 1
0.122325 0.916667 1.02433 0.141068 0.954167 1.02234 0.124722 0.916667 1
0.124722 0.916667 1 0.141068 0.954167 1.02234 0.142826 0.954167 1
0.141068 0.954167 1.02234 0.148717 1 1.01958 0.142826 0.954167 1
0.142826 0.954167 1 0.148717 1 1.01958 0.15 1 1
-0.15 1 1 -0.142826 0.954167 1 -0.148717 1 0.980421
-0.148717 1 0.980421 -0.142826 0.954167 1 -0.141068 0.954167 0.977657
-0.142826 0.954167 1 -0.124722 0.916667 1 -0.141068 0.954167 0.977657
-0.141068 0.954167 0.977657 -0.124722 0.916667 1 -0.122325 0.916667 0.975668
-0.124722 0.916667 1 -0.0992157 0.8875 1 -0.122325 0.916667 0.975668
-0.122325 0.916667 0.975668 -0.0992157 0.8875 1 -0.095835 0.8875 0.974321
-0.0992157 0.8875 1 -0.0687184 0.866667 1 -0.095835 0.8875 0.974321
-0.095835 0.8875 0.974321 -0.0687184 0.866667 1 -0.0634875 0.866667 0.973703
-0.0687184 0.866667 1 -0.035109 0.854167 1 -0.0634875 0.866667 0.973703
-0.0634875 0.866667 0.973703 -0.035109 0.854167 1 -0.0248258 0.854167 0.975174
-0.035109 0.854167 1 0 0.85 1 -0.0248258 0.854167 0.975174
-0.0248258 0.854167 0.975174 0 0.85 1 -1.06026e-08 0.854167 0.964891
0 0.85 1 0.035109 0.854167 1 -1.06026e-08 0.854167 0.964891
-1.06026e-08 0.854167 0.964891 0.035109 0.854167 1 0.0248258 0.854167 0.975174
0.035109 0.854167 1 0.0687184 0.866667 1 0.0248258 0.854167 0.975174
0.0248258 0.854167 0.975174 0.0687184 0.866667 1 0.0634876 0.866667 0.973703
0.0687184 0.866667 1 0.0992157 0.8875 1 0.0634876 0.866667 0.973703
0.0634876 0.866667 0.973703 0.0992157 0.8875 1 0.095835 0.8875 0.974321
0.0992157 0.8875 1 0.124722 0.916667 1 0.095835 0.8875 0.974321
0.095835 0.8875 0.974321 0.124722 0.916667 1 0.122325 0.916667 0.975668
0.124722 0.916667 1 0.142826 0.954167 1 0.122325 0.916667 0.975668
0.122325 0.916667 0.975668 0.142826 0.954167 1 0.141068 0.954167 0.977657
0.142826 0.954167 1 0.15 1 1 0.141068 0.954167 0.977657
0.141068 0.954167 0.977657 0.15 1 1 0.148717 1 0.980421
-0.148717 1 0.980421 -0.141068 0.954167 0.977657 -0.144889 1 0.961177
-0.144889 1 0.961177 -0.141068 0.954167 0.977657 -0.135836 0.954167 0.955864
-0.141068 0.954167 0.977657 -0.122325 0.916667 0.975668 -0.135836 0.954167 0.955864
-0.135836 0.954167 0.955864 -0.122325 0.916667 0.975668 -0.115228 0.916667 0.952271
-0.122325 0.916667 0.975668 -0.095835 0.8875 0.974321 -0.115228 0.916667 0.952271
-0.115228 0.916667 0.952271 -0.095835 0.8875 0.974321 -0.0859233 0.8875 0.950392
-0.095835 0.8875 0.974321 -0.0634875 0.866667 0.973703 -0.0859233 0.8875 0.950392
-0.0859233 0.8875 0.950392 -0.0634875 0.866667 0.973703 -0.0485913 0.866667 0.951409
-0.0634875 0.866667 0.973703 -0.0248258 0.854167 0.975174 -0.0485913 0.866667 0.951409
-0.0485913 0.866667 0.951409 -0.0248258 0.854167 0.975174 -0.0262974 0.866667 0.936512
-0.0248258 0.854167 0.975174 -1.06026e-08 0.854167 0.964891 -0.0262974 0.866667 0.936512
-0.0262974 0.866667 0.936512 -1.06026e-08 0.854167 0.964891 -2.07524e-08 0.866667 0.931282
-1.06026e-08 0.854167 0.964891 0.0248258 0.854167 0.975174 -2.07524e-08 0.866667 0.931282
-2.07524e-08 0.866667 0.931282 0.0248258 0.854167 0.975174 0.0262974 0.866667 0.936512
0.0248258 0.854167 0.975174 0.0634876 0.866667 0.973703 0.0262974 0.866667 0.936512
0.0262974 0.866667 0.936512 0.0634876 0.866667 0.973703 0.0485913 0.866667 0.951409
0.0634876 0.866667 0.973703 0.095835 0.8875 0.974321 0.0485913 0.866667 0.951409
0.0485913 0.866667 0.951409 0.095835 0.8875 0.974321 0.0859233 0.8875 0.950392
0.095835 0.8875 0.974321 0.122325 0.916667 0.975668 0.0859233 0.8875 0.950392
0.0859233 0.8875 0.950392 0.122325 0.916667 0.975668 0.115228 0.916667 0.952271
0.122325 0.916667 0.975668 0.141068 0.954167 0.977657 0.115228 0.916667 0.952271
0.115228 0.916667 0.952271 0.141068 0.954167 0.977657 0.135836 0.954167 0.955864
0.141068 0.954167 0.977657 0.148717 1 0.980421 0.135836 0.954167 0.955864
0.135836 0.954167 0.955864 0.148717 1 0.980421 0.144889 1 0.961177
-0.144889 1 0.961177 -0.135836 0.954167 0.955864 -0.138582 1 0.942597
-0.138582 1 0.942597 -0.135836 0.954167 0.955864 -0.127259 0.954167 0.935158
-0.135836 0.954167 0.955864 -0.115228 0.916667 0.952271 -0.127259 0.954167 0.935158
-0.127259 0.954167 0.935158 -0.115228 0.916667 0.952271 -0.103702 0.916667 0.930708
-0.115228 0.916667 0.952271 -0.0859233 0.8875 0.950392 -0.103702 0.916667 0.930708
-0.103702 0.916667 0.930708 -0.0859233 0.8875 0.950392 -0.0701561 0.8875 0.929844
-0.0859233 0.8875 0.950392 -0.0485913 0.866667 0.951409 -0.0701561 0.8875 0.929844
-0.0701561 0.8875 0.929844 -0.0485913 0.866667 0.951409 -0.0496079 0.8875 0.914077
-0.0485913 0.866667 0.951409 -0.0262974 0.866667 0.936512 -0.0496079 0.8875 0.914077
-0.0496079 0.8875 0.914077 -0.0262974 0.866667 0.936512 -0.0256789 0.8875 0.904165
-0.0262974 0.866667 0.936512 -2.07524e-08 0.866667 0.931282 -0.0256789 0.8875 0.904165
-0.0256789 0.8875 0.904165 -2.07524e-08 0.866667 0.931282 -2.99623e-08 0.8875 0.900784
-2.07524e-08 0.866667 0.931282 0.0262974 0.866667 0.936512 -2.99623e-08 0.8875 0.900784
-2.99623e-08 0.8875 0.900784 0.0262974 0.866667 0.936512 0.0256789 0.8875 0.904165
0.0262974 0.866667 0.936512 0.0485913 0.866667 0.951409 0.0256789 0.8875 0.904165
0.0256789 0.8875 0.904165 0.0485913 0.866667 0.951409 0.0496078 0.8875 0.914077
0.0485913 0.866667 0.951409 0.0859233 0.8875 0.950392 0.0496078 0.8875 0.914077
0.0496078 0.8875 0.914077 0.0859233 0.8875 0.950392 0.0701561 0.8875 0.929844
0.0859233 0.8875 0.950392 0.115228 0.916667 0.952271 0.0701561 0.8875 0.929844
0.0701561 0.8875 0.929844 0.115228 0.916667 0.952271 0.103702 0.916667 0.930708
0.115228 0.916667 0.952271 0.135836 0.954167 0.955864 0.103702 0.916667 0.930708
0.103702 0.916667 0.930708 0.135836 0.954167 0.955864 0.127259 0.954167 0.935158
0.135836 0.954167 0.955864 0.144889 1 0.961177 0.127259 0.954167 0.935158
0.127259 0.954167 0.935158 0.144889 1 0.961177 0.138582 1 0.942598
-0.138582 1 0.942597 -0.127259 0.954167 0.935158 -0.129904 1 0.925
-0.129904 1 0.925 -0.127259 0.954167 0.935158 -0.115549 0.954167 0.916049
-0.127259 0.954167 0.935158 -0.103702 0.916667 0.930708 -0.115549 0.954167 0.916049
-0.115549 0.954167 0.916049 -0.103702 0.916667 0.930708 -0.0881917 0.916667 0.911808
-0.103702 0.916667 0.930708 -0.0701561 0.8875 0.929844 -0.0881917 0.916667 0.911808
-0.0881917 0.916667 0.911808 -0.0701561 0.8875 0.929844 -0.0692918 0.916667 0.896298
-0.0701561 0.8875 0.929844 -0.0496079 0.8875 0.914077 -0.0692918 0.916667 0.896298
-0.0692918 0.916667 0.896298 -0.0496079 0.8875 0.914077 -0.047729 0.916667 0.884772
-0.0496079 0.8875 0.914077 -0.0256789 0.8875 0.904165 -0.047729 0.916667 0.884772
-0.047729 0.916667 0.884772 -0.0256789 0.8875 0.904165 -0.0243321 0.916667 0.877675
-0.0256789 0.8875 0.904165 -2.99623e-08 0.8875 0.900784 -0.0243321 0.916667 0.877675
-0.0243321 0.916667 0.877675 -2.99623e-08 0.8875 0.900784 -3.7665e-08 0.916667 0.875278
-2.99623e-08 0.8875 0.900784 0.0256789 0.8875 0.904165 -3.7665e-08 0.916667 0.875278
-3.7665e-08 0.916667 0.875278 0.0256789 0.8875 0.904165 0.024332 0.916667 0.877675
0.0256789 0.8875 0.904165 0.0496078 0.8875 0.914077 0.024332 0.916667 0.877675
0.024332 0.916667 0.877675 0.0496078 0.8875 0.914077 0.047729 0.916667 0.884772
0.0496078 0.8875 0.914077 0.0701561 0.8875 0.929844 0.047729 0.916667 0.884772
0.047729 0.916667 0.884772 0.0701561 0.8875 0.929844 0.0692918 0.916667 0.896298
0.0701561 0.8875 0.929844 0.103702 0.916667 0.930708 0.0692918 0.916667 0.896298
0.0692918 0.916667 0.896298 0.103702 0.916667 0.930708 0.0881917 0.916667 0.911808
0.103702 0.916667 0.930708 0.127259 0.954167 0.935158 0.0881917 0.916667 0.911808
0.0881917 0.916667 0.911808 0.127259 0.954167 0.935158 0.115549 0.954167 0.916049
0.127259 0.954167 0.935158 0.138582 1 0.942598 0.115549 0.954167 0.916049
0.115549 0.954167 0.916049 0.138582 1 0.942598 0.129904 1 0.925
-0.129904 1 0.925 -0.115549 0.954167 0.916049 -0.119003 1 0.908686
-0.119003 1 0.908686 -0.115549 0.954167 0.916049 -0.100993 0.954167 0.899007
-0.115549 0.954167 0.916049 -0.0881917 0.916667 0.911808 -0.100993 0.954167 0.899007
-0.100993 0.954167 0.899007 -0.0881917 0.916667 0.911808 -0.0839511 0.954167 0.884451
-0.0881917 0.916667 0.911808 -0.0692918 0.916667 0.896298 -0.0839511 0.954167 0.884451
-0.0839511 0.954167 0.884451 -0.0692918 0.916667 0.896298 -0.0648417 0.954167 0.872741
-0.0692918 0.916667 0.896298 -0.047729 0.916667 0.884772 -0.0648417 0.954167 0.872741
-0.0648417 0.954167 0.872741 -0.047729 0.916667 0.884772 -0.0441357 0.954167 0.864164
-0.047729 0.916667 0.884772 -0.0243321 0.916667 0.877675 -0.0441357 0.954167 0.864164
-0.0441357 0.954167 0.864164 -0.0243321 0.916667 0.877675 -0.022343 0.954167 0.858932
-0.0243321 0.916667 0.877675 -3.7665e-08 0.916667 0.875278 -0.022343 0.954167 0.858932
-0.022343 0.954167 0.858932 -3.7665e-08 0.916667 0.875278 -4.31323e-08 0.954167 0.857174
-3.7665e-08 0.916667 0.875278 0.024332 0.916667 0.877675 -4.31323e-08 0.954167 0.857174
-4.31323e-08 0.954167 0.857174 0.024332 0.916667 0.877675 0.0223429 0.954167 0.858932
0.024332 0.916667 0.877675 0.047729 0.916667 0.884772 0.0223429 0.954167 0.858932
0.0223429 0.954167 0.858932 0.047729 0.916667 0.884772 0.0441357 0.954167 0.864164
0.047729 0.916667 0.884772 0.0692918 0.916667 0.896298 0.0441357 0.954167 0.864164
0.0441357 0.954167 0.864164 0.0692918 0.916667 0.896298 0.0648417 0.954167 0.872741
0.0692918 0.916667 0.896298 0.0881917 0.916667 0.911808 0.0648417 0.954167 0.872741
0.0648417 0.954167 0.872741 0.0881917 0.916667 0.911808 0.0839511 0.954167 0.884451
0.0881917 0.916667 0.911808 0.115549 0.954167 0.916049 0.0839511 0.954167 0.884451
0.0839511 0.954167 0.884451 0.115549 0.954167 0.916049 0.100993 0.954167 0.899007
0.115549 0.954167 0.916049 0.129904 1 0.925 0.100993 0.954167 0.899007
0.100993 0.954167 0.899007 0.129904 1 0.925 0.119003 1 0.908686
-0.119003 1 0.908686 -0.100993 0.954167 0.899007 -0.106066 1 0.893934
-0.106066 1 0.893934 -0.100993 0.954167 0.899007 -0.0913142 1 0.880997
-0.100993 0.954167 0.899007 -0.0839511 0.954167 0.884451 -0.0913142 1 0.880997
-0.0913142 1 0.880997 -0.0839511 0.954167 0.884451 -0.075 1 0.870096
-0.0839511 0.954167 0.884451 -0.0648417 0.954167 0.872741 -0.075 1 0.870096
-0.075 1 0.870096 -0.0648417 0.954167 0.872741 -0.0574025 1 0.861418
-0.0648417 0.954167 0.872741 -0.0441357 0.954167 0.864164 -0.0574025 1 0.861418
-0.0574025 1 0.861418 -0.0441357 0.954167 0.864164 -0.0388229 1 0.855111
-0.0441357 0.954167 0.864164 -0.022343 0.954167 0.858932 -0.0388229 1 0.855111
-0.0388229 1 0.855111 -0.022343 0.954167 0.858932 -0.0195789 1 0.851283
-0.022343 0.954167 0.858932 -4.31323e-08 0.954167 0.857174 -0.0195789 1 0.851283
-0.0195789 1 0.851283 -4.31323e-08 0.954167 0.857174 -4.52987e-08 1 0.85
-4.31323e-08 0.954167 0.857174 0.0223429 0.954167 0.858932 -4.52987e-08 1 0.85
-4.52987e-08 1 0.85 0.0223429 0.954167 0.858932 0.0195789 1 0.851283
0.0223429 0.954167 0.858932 0.0441357 0.954167 0.864164 0.0195789 1 0.851283
0.0195789 1 0.851283 0.0441357 0.954167 0.864164 0.0388229 1 0.855111
0.0441357 0.954167 0.864164 0.0648417 0.954167 0.872741 0.0388229 1 0.855111
0.0388229 1 0.855111 0.0648417 0.954167 0.872741 0.0574025 1 0.861418
0.0648417 0.954167 0.872741 0.0839511 0.954167 0.884451 0.0574025 1 0.861418
0.0574025 1 0.861418 0.0839511 0.954167 0.884451 0.075 1 0.870096
0.0839511 0.954167 0.884451 0.100993 0.954167 0.899007 0.075 1 0.870096
0.075 1 0.870096 0.100993 0.954167 0.899007 0.0913142 1 0.880997
0.100993 0.954167 0.899007 0.119003 1 0.908686 0.0913142 1 0.880997
0.0913142 1 0.880997 0.119003 1 0.908686 0.106066 1 0.893934
-0.106066 1 0.606066 -0.0913142 1 0.619003 -0.119003 1 0.591314
-0.119003 1 0.591314 -0.0913142 1 0.619003 -0.100993 0.954167 0.600993
-0.0913142 1 0.619003 -0.075 1 0.629904 -0.100993 0.954167 0.600993
-0.100993 0.954167 0.600993 -0.075 1 0.629904 -0.0839511 0.954167 0.615549
-0.075 1 0.629904 -0.0574025 1 0.638582 -0.0839511 0.954167 0.615549
-0.0839511 0.954167 0.615549 -0.0574025 1 0.638582 -0.0648417 0.954167 0.627259
-0.0574025 1 0.638582 -0.0388229 1 0.644889 -0.0648417 0.954167 0.627259
-0.0648417 0.954167 0.627259 -0.0388229 1 0.644889 -0.0441357 0.954167 0.635836
-0.0388229 1 0.644889 -0.0195789 1 0.648717 -0.0441357 0.954167 0.635836
-0.0441357 0.954167 0.635836 -0.0195789 1 0.648717 -0.022343 0.954167 0.641068
-0.0195789 1 0.648717 -1.31134e-08 1 0.65 -0.022343 0.954167 0.641068
-0.022343 0.954167 0.641068 -1.31134e-08 1 0.65 -1.24863e-08 0.954167 0.642826
-1.31134e-08 1 0.65 0.0195789 1 0.648717 -1.24863e-08 0.954167 0.642826
-1.24863e-08 0.954167 0.642826 0.0195789 1 0.648717 0.0223429 0.954167 0.641068
0.0195789 1 0.648717 0.0388229 1 0.644889 0.0223429 0.954167 0.641068
0.0223429 0.954167 0.641068 0.0388229 1 0.644889 0.0441357 0.954167 0.635836
0.0388229 1 0.644889 0.0574025 1 0.638582 0.0441357 0.954167 0.635836
0.0441357 0.954167 0.635836 0.0574025 1 0.638582 0.0648417 0.954167 0.627259
0.0574025 1 0.638582 0.075 1 0.629904 0.0648417 0.954167 0.627259
0.0648417 0.954167 0.627259 0.075 1 0.629904 0.0839511 0.954167 0.615549
0.075 1 0.629904 0.0913142 1 0.619003 0.0839511 0.954167 0.615549
0.0839511 0.954167 0.615549 0.0913142 1 0.619003 0.100993 0.954167 0.600993
0.0913142 1 0.619003 0.106066 1 0.606066 0.100993 0.954167 0.600993
0.100993 0.954167 0.600993 0.106066 1 0.606066 0.119003 1 0.591314
-0.119003 1 0.591314 -0.100993 0.954167 0.600993 -0.129904 1 0.575
-0.129904 1 0.575 -0.100993 0.954167 0.600993 -0.115549 0.954167 0.583951
-0.100993 0.954167 0.600993 -0.0839511 0.954167 0.615549 -0.115549 0.954167 0.583951
-0.115549 0.954167 0.583951 -0.0839511 0.954167 0.615549 -0.0881917 0.916667 0.588192
-0.0839511 0.954167 0.615549 -0.0648417 0.954167 0.627259 -0.0881917 0.916667 0.588192
-0.0881917 0.916667 0.588192 -0.0648417 0.954167 0.627259 -0.0692918 0.916667 0.603702
-0.0648417 0.954167 0.627259 -0.0441357 0.954167 0.635836 -0.0692918 0.916667 0.603702
-0.0692918 0.916667 0.603702 -0.0441357 0.954167 0.635836 -0.047729 0.916667 0.615228
-0.0441357 0.954167 0.635836 -0.022343 0.954167 0.641068 -0.047729 0.916667 0.615228
-0.047729 0.916667 0.615228 -0.022343 0.954167 0.641068 -0.0243321 0.916667 0.622325
-0.022343 0.954167 0.641068 -1.24863e-08 0.954167 0.642826 -0.0243321 0.916667 0.622325
-0.0243321 0.916667 0.622325 -1.24863e-08 0.954167 0.642826 -1.09035e-08 0.916667 0.624722
-1.24863e-08 0.954167 0.642826 0.0223429 0.954167 0.641068 -1.09035e-08 0.916667 0.624722
-1.09035e-08 0.916667 0.624722 0.0223429 0.954167 0.641068 0.024332 0.916667 0.622325
0.0223429 0.954167 0.641068 0.0441357 0.954167 0.635836 0.024332 0.916667 0.622325
0.024332 0.916667 0.622325 0.0441357 0.954167 0.635836 0.047729 0.916667 0.615228
0.0441357 0.954167 0.635836 0.0648417 0.954167 0.627259 0.047729 0.916667 0.615228
0.047729 0.916667 0.615228 0.0648417 0.954167 0.627259 0.0692918 0.916667 0.603702
0.0648417 0.954167 0.627259 0.0839511 0.954167 0.615549 0.0692918 0.916667 0.603702
0.0692918 0.916667 0.603702 0.0839511 0.954167 0.615549 0.0881917 0.916667 0.588192
0.0839511 0.954167 0.615549 0.100993 0.954167 0.600993 0.0881917 0.916667 0.588192
0.0881917 0.916667 0.588192 0.100993 0.954167 0.600993 0.115549 0.954167 0.583951
0.100993 0.954167 0.600993 0.119003 1 0.591314 0.115549 0.954167 0.583951
0.115549 0.954167 0.583951 0.119003 1 0.591314 0.129904 1 0.575
-0.129904 1 0.575 -0.115549 0.954167 0.583951 -0.138582 1 0.557403
-0.138582 1 0.557403 -0.115549 0.954167 0.583951 -0.127259 0.954167 0.564842
-0.115549 0.954167 0.583951 -0.0881917 0.916667 0.588192 -0.127259 0.954167 0.564842
-0.127259 0.954167 0.564842 -0.0881917 0.916667 0.588192 -0.103702 0.916667 0.569292
-0.0881917 0.916667 0.588192 -0.0692918 0.916667 0.603702 -0.103702 0.916667 0.569292
-0.103702 0.916667 0.569292 -0.0692918 0.916667 0.603702 -0.0701561 0.8875 0.570156
-0.0692918 0.916667 0.603702 -0.047729 0.916667 0.615228 -0.0701561 0.8875 0.570156
-0.0701561 0.8875 0.570156 -0.047729 0.916667 0.615228 -0.0496078 0.8875 0.585923
-0.047729 0.916667 0.615228 -0.0243321 0.916667 0.622325 -0.0496078 0.8875 0.585923
-0.0496078 0.8875 0.585923 -0.0243321 0.916667 0.622325 -0.0256789 0.8875 0.595835
-0.0243321 0.916667 0.622325 -1.09035e-08 0.916667 0.624722 -0.0256789 0.8875 0.595835
-0.0256789 0.8875 0.595835 -1.09035e-08 0.916667 0.624722 -8.67371e-09 0.8875 0.599216
-1.09035e-08 0.916667 0.624722 0.024332 0.916667 0.622325 -8.67371e-09 0.8875 0.599216
-8.67371e-09 0.8875 0.599216 0.024332 0.916667 0.622325 0.0256789 0.8875 0.595835
0.024332 0.916667 0.622325 0.047729 0.916667 0.615228 0.0256789 0.8875 0.595835
0.0256789 0.8875 0.595835 0.047729 0.916667 0.615228 0.0496078 0.8875 0.585923
0.047729 0.916667 0.615228 0.0692918 0.916667 0.603702 0.0496078 0.8875 0.585923
0.0496078 0.8875 0.585923 0.0692918 0.916667 0.603702 0.0701561 0.8875 0.570156
0.0692918 0.916667 0.603702 0.0881917 0.916667 0.588192 0.0701561 0.8875 0.570156
0.0701561 0.8875 0.570156 0.0881917 0.916667 0.588192 0.103702 0.916667 0.569292
0.0881917 0.916667 0.588192 0.115549 0.954167 0.583951 0.103702 0.916667 0.569292
0.103702 0.916667 0.569292 0.115549 0.954167 0.583951 0.127259 0.954167 0.564842
0.115549 0.954167 0.583951 0.129904 1 0.575 0.127259 0.954167 0.564842
0.127259 0.954167 0.564842 0.129904 1 0.575 0.138582 1 0.557403
-0.138582 1 0.557403 -0.127259 0.954167 0.564842 -0.144889 1 0.538823
-0.144889 1 0.538823 -0.127259 0.954167 0.564842 -0.135836 0.954167 0.544136
-0.127259 0.954167 0.564842 -0.103702 0.916667 0.569292 -0.135836 0.954167 0.544136
-0.135836 0.954167 0.544136 -0.103702 0.916667 0.569292 -0.115228 0.916667 0.547729
-0.103702 0.916667 0.569292 -0.0701561 0.8875 0.570156 -0.115228 0.916667 0.547729
-0.115228 0.916667 0.547729 -0.0701561 0.8875 0.570156 -0.0859233 0.8875 0.549608
-0.0701561 0.8875 0.570156 -0.0496078 0.8875 0.585923 -0.0859233 0.8875 0.549608
-0.0859233 0.8875 0.549608 -0.0496078 0.8875 0.585923 -0.0485913 0.866667 0.548591
-0.0496078 0.8875 0.585923 -0.0256789 0.8875 0.595835 -0.0485913 0.866667 0.548591
-0.0485913 0.866667 0.548591 -0.0256789 0.8875 0.595835 -0.0262974 0.866667 0.563488
-0.0256789 0.8875 0.595835 -8.67371e-09 0.8875 0.599216 -0.0262974 0.866667 0.563488
-0.0262974 0.866667 0.563488 -8.67371e-09 0.8875 0.599216 -6.00756e-09 0.866667 0.568718
-8.67371e-09 0.8875 0.599216 0.0256789 0.8875 0.595835 -6.00756e-09 0.866667 0.568718
-6.00756e-09 0.866667 0.568718 0.0256789 0.8875 0.595835 0.0262974 0.866667 0.563488
0.0256789 0.8875 0.595835 0.0496078 0.8875 0.585923 0.0262974 0.866667 0.563488
0.0262974 0.866667 0.563488 0.0496078 0.8875 0.585923 0.0485913 0.866667 0.548591
0.0496078 0.8875 0.585923 0.0701561 0.8875 0.570156 0.0485913 0.866667 0.548591
0.0485913 0.866667 0.548591 0.0701561 0.8875 0.570156 0.0859233 0.8875 0.549608
0.0701561 0.8875 0.570156 0.103702 0.916667 0.569292 0.0859233 0.8875 0.549608
0.0859233 0.8875 0.549608 0.103702 0.916667 0.569292 0.115228 0.916667 0.547729
0.103702 0.916667 0.569292 0.127259 0.954167 0.564842 0.115228 0.916667 0.547729
0.115228 0.916667 0.547729 0.127259 0.954167 0.564842 0.135836 0.954167 0.544136
0.127259 0.954167 0.564842 0.138582 1 0.557403 0.135836 0.954167 0.544136
0.135836 0.954167 0.544136 0.138582 1 0.557403 0.144889 1 0.538823
-0.144889 1 0.538823 -0.135836 0.954167 0.544136 -0.148717 1 0.519579
-0.148717 1 0.519579 -0.135836 0.954167 0.544136 -0.141068 0.954167 0.522343
-0.135836 0.954167 0.544136 -0.115228 0.916667 0.547729 -0.141068 0.954167 0.522343
-0.141068 0.954167 0.522343 -0.115228 0.916667 0.547729 -0.122325 0.916667 0.524332
-0.115228 0.916667 0.547729 -0.0859233 0.8875 0.549608 -0.122325 0.916667 0.524332
-0.122325 0.916667 0.524332 -0.0859233 0.8875 0.549608 -0.095835 0.8875 0.525679
-0.0859233 0.8875 0.549608 -0.0485913 0.866667 0.548591 -0.095835 0.8875 0.525679
-0.095835 0.8875 0.525679 -0.0485913 0.866667 0.548591 -0.0634875 0.866667 0.526297
-0.0485913 0.866667 0.548591 -0.0262974 0.866667 0.563488 -0.0634875 0.866667 0.526297
-0.0634875 0.866667 0.526297 -0.0262974 0.866667 0.563488 -0.0248258 0.854167 0.524826
-0.0262974 0.866667 0.563488 -6.00756e-09 0.866667 0.568718 -0.0248258 0.854167 0.524826
-0.0248258 0.854167 0.524826 -6.00756e-09 0.866667 0.568718 -3.06932e-09 0.854167 0.535109
-6.00756e-09 0.866667 0.568718 0.0262974 0.866667 0.563488 -3.06932e-09 0.854167 0.535109
-3.06932e-09 0.854167 0.535109 0.0262974 0.866667 0.563488 0.0248258 0.854167 0.524826
0.0262974 0.866667 0.563488 0.0485913 0.866667 0.548591 0.0248258 0.854167 0.524826
0.0248258 0.854167 0.524826 0.0485913 0.866667 0.548591 0.0634876 0.866667 0.526297
0.0485913 0.866667 0.548591 0.0859233 0.8875 0.549608 0.0634876 0.866667 0.526297
0.0634876 0.866667 0.526297 0.0859233 0.8875 0.549608 0.095835 0.8875 0.525679
0.0859233 0.8875 0.549608 0.115228 0.916667 0.547729 0.095835 0.8875 0.525679
0.095835 0.8875 0.525679 0.115228 0.916667 0.547729 0.122325 0.916667 0.524332
0.115228 0.916667 0.547729 0.135836 0.954167 0.544136 0.122325 0.916667 0.524332
0.122325 0.916667 0.524332 0.135836 0.954167 0.544136 0.141068 0.954167 0.522343
0.135836 0.954167 0.544136 0.144889 1 0.538823 0.141068 0.954167 0.522343
0.141068 0.954167 0.522343 0.144889 1 0.538823 0.148717 1 0.519579
-0.148717 1 0.519579 -0.141068 0.954167 0.522343 -0.15 1 0.5
-0.15 1 0.5 -0.141068 0.954167 0.522343 -0.142826 0.954167 0.5
-0.141068 0.954167 0.522343 -0.122325 0.916667 0.524332 -0.142826 0.954167 0.5
-0.142826 0.954167 0.5 -0.122325 0.916667 0.524332 -0.124722 0.916667 0.5
-0.122325 0.916667 0.524332 -0.095835 0.8875 0.525679 -0.124722 0.916667 0.5
-0.124722 0.916667 0.5 -0.095835 0.8875 0.525679 -0.0992157 0.8875 0.5
-0.095835 0.8875 0.525679 -0.0634875 0.866667 0.526297 -0.0992157 0.8875 0.5
-0.0992157 0.8875 0.5 -0.0634875 0.866667 0.526297 -0.0687184 0.866667 0.5
-0.0634875 0.866667 0.526297 -0.0248258 0.854167 0.524826 -0.0687184 0.866667 0.5
-0.0687184 0.866667 0.5 -0.0248258 0.854167 0.524826 -0.035109 0.854167 0.5
-0.0248258 0.854167 0.524826 -3.06932e-09 0.854167 0.535109 -0.035109 0.854167 0.5
-0.035109 0.854167 0.5 -3.06932e-09 0.854167 0.535109 0 0.85 0.5
-3.06932e-09 0.854167 0.535109 0.0248258 0.854167 0.524826 0 0.85 0.5
0 0.85 0.5 0.0248258 0.854167 0.524826 0.035109 0.854167 0.5
0.0248258 0.854167 0.524826 0.0634876 0.866667 0.526297 0.035109 0.854167 0.5
0.035109 0.854167 0.5 0.0634876 0.866667 0.526297 0.0687184 0.866667 0.5
0.0634876 0.866667 0.526297 0.095835 0.8875 0.525679 0.0687184 0.866667 0.5
0.0687184 0.866667 0.5 0.095835 0.8875 0.525679 0.0992157 0.8875 0.5
0.095835 0.8875 0.525679 0.122325 0.916667 0.524332 0.0992157 0.8875 0.5
0.0992157 0.8875 0.5 0.122325 0.916667 0.524332 0.124722 0.916667 0.5
0.122325 0.916667 0.524332 0.141068 0.954167 0.522343 0.124722 0.916667 0.5
0.124722 0.916667 0.5 0.141068 0.954167 0.522343 0.142826 0.954167 0.5
0.141068 0.954167 0.522343 0.148717 1 0.519579 0.142826 0.954167 0.5
0.142826 0.954167 0.5 0.148717 1 0.519579 0.15 1 0.5
-0.15 1 0.5 -0.142826 0.954167 0.5 -0.148717 1 0.480421
-0.148717 1 0.480421 -0.142826 0.954167 0.5 -0.141068 0.954167 0.477657
-0.142826 0.954167 0.5 -0.124722 0.916667 0.5 -0.141068 0.954167 0.477657
-0.141068 0.954167 0.477657 -0.124722 0.916667 0.5 -0.122325 0.916667 0.475668
-0.124722 0.916667 0.5 -0.0992157 0.8875 0.5 -0.122325 0.916667 0.475668
-0.122325 0.916667 0.475668 -0.0992157 0.8875 0.5 -0.095835 0.8875 0.474321
-0.0992157 0.8875 0.5 -0.0687184 0.866667 0.5 -0.095835 0.8875 0.474321
-0.095835 0.8875 0.474321 -0.0687184 0.866667 0.5 -0.0634875 0.866667 0.473703
-0.0687184 0.866667 0.5 -0.035109 0.854167 0.5 -0.0634875 0.866667 0.473703
-0.0634875 0.866667 0.473703 -0.035109 0.854167 0.5 -0.0248258 0.854167 0.475174
-0.035109 0.854167 0.5 0 0.85 0.5 -0.0248258 0.854167 0.475174
-0.0248258 0.854167 0.475174 0 0.85 0.5 -1.06026e-08 0.854167 0.464891
0 0.85 0.5 0.035109 0.854167 0.5 -1.06026e-08 0.854167 0.464891
-1.06026e-08 0.854167 0.464891 0.035109 0.854167 0.5 0.0248258 0.854167 0.475174
0.035109 0.854167 0.5 0.0687184 0.866667 0.5 0.0248258 0.854167 0.475174
0.0248258 0.854167 0.475174 0.0687184 0.866667 0.5 0.0634876 0.866667 0.473703
0.0687184 0.866667 0.5 0.0992157 0.8875 0.5 0.0634876 0.866667 0.473703
0.0634876 0.866667 0.473703 0.0992157 0.8875 0.5 0.095835 0.8875 0.474321
0.0992157 0.8875 0.5 0.124722 0.916667 0.5 0.095835 0.8875 0.474321
0.095835 0.8875 0.474321 0.124722 0.916667 0.5 0.122325 0.916667 0.475668
0.124722 0.916667 0.5 0.142826 0.954167 0.5 0.122325 0.916667 0.475668
0.122325 0.916667 0.475668 0.142826 0.954167 0.5 0.141068 0.954167 0.477657
0.142826 0.954167 0.5 0.15 1 0.5 0.141068 0.954167 0.477657
0.141068 0.954167 0.477657 0.15 1 0.5 0.148717 1 0.480421
-0.148717 1 0.480421 -0.141068 0.954167 0.477657 -0.144889 1 0.461177
-0.144889 1 0.461177 -0.141068 0.954167 0.477657 -0.135836 0.954167 0.455864
-0.141068 0.954167 0.477657 -0.122325 0.916667 0.475668 -0.135836 0.954167 0.455864
-0.135836 0.954167 0.455864 -0.122325 0.916667 0.475668 -0.115228 0.916667 0.452271
-0.122325 0.916667 0.475668 -0.095835 0.8875 0.474321 -0.115228 0.916667 0.452271
-0.115228 0.916667 0.452271 -0.095835 0.8875 0.474321 -0.0859233 0.8875 0.450392
-0.095835 0.8875 0.474321 -0.0634875 0.866667 0.473703 -0.0859233 0.8875 0.450392
-0.0859233 0.8875 0.450392 -0.0634875 0.866667 0.473703 -0.0485913 0.866667 0.451409
-0.0634875 0.866667 0.473703 -0.0248258 0.854167 0.475174 -0.0485913 0.866667 0.451409
-0.0485913 0.866667 0.451409 -0.0248258 0.854167 0.475174 -0.0262974 0.866667 0.436512
-0.0248258 0.854167 0.475174 -1.06026e-08 0.854167 0.464891 -0.0262974 0.866667 0.436512
-0.0262974 0.866667 0.436512 -1.06026e-08 0.854167 0.464891 -2.07524e-08 0.866667 0.431282
-1.06026e-08 0.854167 0.464891 0.0248258 0.854167 0.475174 -2.07524e-08 0.866667 0.431282
-2.07524e-08 0.866667 0.431282 0.0248258 0.854167 0.475174 0.0262974 0.866667 0.436512
0.0248258 0.854167 0.475174 0.0634876 0.866667 0.473703 0.0262974 0.866667 0.436512
0.0262974 0.866667 0.436512 0.0634876 0.866667 0.473703 0.0485913 0.866667 0.451409
0.0634876 0.866667 0.473703 0.095835 0.8875 0.474321 0.0485913 0.866667 0.451409
0.0485913 0.866667 0.451409 0.095835 0.8875 0.474321 0.0859233 0.8875 0.450392
0.095835 0.8875 0.474321 0.122325 0.916667 0.475668 0.0859233 0.8875 0.450392
0.0859233 0.8875 0.450392 0.122325 0.916667 0.475668 0.115228 0.916667 0.452271
0.122325 0.916667 0.475668 0.141068 0.954167 0.477657 0.115228 0.916667 0.452271
0.115228 0.916667 0.452271 0.141068 0.954167 0.477657 0.135836 0.954167 0.455864
0.141068 0.954167 0.477657 0.148717 1 0.480421 0.135836 0.954167 0.455864
0.135836 0.954167 0.455864 0.148717 1 0.480421 0.144889 1 0.461177
-0.144889 1 0.461177 -0.135836 0.954167 0.455864 -0.138582 1 0.442597
-0.138582 1 0.442597 -0.135836 0.954167 0.455864 -0.127259 0.954167 0.435158
-0.135836 0.954167 0.455864 -0.115228 0.916667 0.452271 -0.127259 0.954167 0.435158
-0.127259 0.954167 0.435158 -0.115228 0.916667 0.452271 -0.103702 0.916667 0.430708
-0.115228 0.916667 0.452271 -0.0859233 0.8875 0.450392 -0.103702 0.916667 0.430708
-0.103702 0.916667 0.430708 -0.0859233 0.8875 0.450392 -0.0701561 0.8875 0.429844
-0.0859233 0.8875 0.450392 -0.0485913 0.866667 0.451409 -0.0701561 0.8875 0.429844
-0.0701561 0.8875 0.429844 -0.0485913 0.866667 0.451409 -0.0496079 0.8875 0.414077
-0.0485913 0.866667 0.451409 -0.0262974 0.866667 0.436512 -0.0496079 0.8875 0.414077
-0.0496079 0.8875 0.414077 -0.0262974 0.866667 0.436512 -0.0256789 0.8875 0.404165
-0.0262974 0.866667 0.436512 -2.07524e-08 0.866667 0.431282 -0.0256789 0.8875 0.404165
-0.0256789 0.8875 0.404165 -2.07524e-08 0.866667 0.431282 -2.99623e-08 0.8875 0.400784
-2.07524e-08 0.866667 0.431282 0.0262974 0.866667 0.436512 -2.99623e-08 0.8875 0.400784
-2.99623e-08 0.8875 0.400784 0.0262974 0.866667 0.436512 0.0256789 0.8875 0.404165
0.0262974 0.866667 0.436512 0.0485913 0.866667 0.451409 0.0256789 0.8875 0.404165
0.0256789 0.8875 0.404165 0.0485913 0.866667 0.451409 0.0496078 0.8875 0.414077
0.0485913 0.866667 0.451409 0.0859233 0.8875 0.450392 0.0496078 0.8875 0.414077
0.0496078 0.8875 0.414077 0.0859233 0.8875 0.450392 0.0701561 0.8875 0.429844
0.0859233 0.8875 0.450392 0.115228 0.916667 0.452271 0.0701561 0.8875 0.429844
0.0701561 0.8875 0.429844 0.115228 0.916667 0.452271 0.103702 0.916667 0.430708
0.115228 0.916667 0.452271 0.135836 0.954167 0.455864 0.103702 0.916667 0.430708
0.103702 0.916667 0.430708 0.135836 0.954167 0.455864 0.127259 0.954167 0.435158
0.135836 0.954167 0.455864 0.144889 1 0.461177 0.127259 0.954167 0.435158
0.127259 0.954167 0.435158 0.144889 1 0.461177 0.138582 1 0.442597
-0.138582 1 0.442597 -0.127259 0.954167 0.435158 -0.129904 1 0.425
-0.129904 1 0.425 -0.127259 0.954167 0.435158 -0.115549 0.954167 0.416049
-0.127259 0.954167 0.435158 -0.103702 0.916667 0.430708 -0.115549 0.954167 0.416049
-0.115549 0.954167 0.416049 -0.103702 0.916667 0.430708 -0.0881917 0.916667 0.411808
-0.103702 0.916667 0.430708 -0.0701561 0.8875 0.429844 -0.0881917 0.916667 0.411808
-0.0881917 0.916667 0.411808 -0.0701561 0.8875 0.429844 -0.0692918 0.916667 0.396298
-0.0701561 0.8875 0.429844 -0.0496079 0.8875 0.414077 -0.0692918 0.916667 0.396298
-0.0692918 0.916667 0.396298 -0.0496079 0.8875 0.414077 -0.047729 0.916667 0.384772
-0.0496079 0.8875 0.414077 -0.0256789 0.8875 0.404165 -0.047729 0.916667 0.384772
-0.047729 0.916667 0.384772 -0.0256789 0.8875 0.404165 -0.0243321 0.916667 0.377675
-0.0256789 0.8875 0.404165 -2.99623e-08 0.8875 0.400784 -0.0243321 0.916667 0.377675
-0.0243321 0.916667 0.377675 -2.99623e-08 0.8875 0.400784 -3.7665e-08 0.916667 0.375278
-2.99623e-08 0.8875 0.400784 0.0256789 0.8875 0.404165 -3.7665e-08 0.916667 0.375278
-3.7665e-08 0.916667 0.375278 0.0256789 0.8875 0.404165 0.024332 0.916667 0.377675
0.0256789 0.8875 0.404165 0.0496078 0.8875 0.414077 0.024332 0.916667 0.377675
0.024332 0.916667 0.377675 0.0496078 0.8875 0.414077 0.047729 0.916667 0.384772
0.0496078 0.8875 0.414077 0.0701561 0.8875 0.429844 0.047729 0.916667 0.384772
0.047729 0.916667 0.384772 0.0701561 0.8875 0.429844 0.0692918 0.916667 0.396298
0.0701561 0.8875 0.429844 0.103702 0.916667 0.430708 0.0692918 0.916667 0.396298
0.0692918 0.916667 0.396298 0.103702 0.916667 0.430708 0.0881917 0.916667 0.411808
0.103702 0.916667 0.430708 0.127259 0.954167 0.435158 0.0881917 0.916667 0.411808
0.0881917 0.916667 0.411808 0.127259 0.954167 0.435158 0.115549 0.954167 0.416049
0.127259 0.954167 0.435158 0.138582 1 0.442597 0.115549 0.954167 0.416049
0.115549 0.954167 0.416049 0.138582 1 0.442597 0.129904 1 0.425
-0.129904 1 0.425 -0.115549 0.954167 0.416049 -0.119003 1 0.408686
-0.119003 1 0.408686 -0.115549 0.954167 0.416049 -0.100993 0.954167 0.399007
-0.115549 0.954167 0.416049 -0.0881917 0.916667 0.411808 -0.100993 0.954167 0.399007
-0.100993 0.954167 0.399007 -0.0881917 0.916667 0.411808 -0.0839511 0.954167 0.384451
-0.0881917 0.916667 0.411808 -0.0692918 0.916667 0.396298 -0.0839511 0.954167 0.384451
-0.0839511 0.954167 0.384451 -0.0692918 0.916667 0.396298 -0.0648417 0.954167 0.372741
-0.0692918 0.916667 0.396298 -0.047729 0.916667 0.384772 -0.0648417 0.954167 0.372741
-0.0648417 0.954167 0.372741 -0.047729 0.916667 0.384772 -0.0441357 0.954167 0.364164
-0.047729 0.916667 0.384772 -0.0243321 0.916667 0.377675 -0.0441357 0.954167 0.364164
-0.0441357 0.954167 0.364164 -0.0243321 0.916667 0.377675 -0.022343 0.954167 0.358932
-0.0243321 0.916667 0.377675 -3.7665e-08 0.916667 0.375278 -0.022343 0.954167 0.358932
-0.022343 0.954167 0.358932 -3.7665e-08 0.916667 0.375278 -4.31323e-08 0.954167 0.357174
-3.7665e-08 0.916667 0.375278 0.024332 0.916667 0.377675 -4.31323e-08 0.954167 0.357174
-4.31323e-08 0.954167 0.357174 0.024332 0.916667 0.377675 0.0223429 0.954167 0.358932
0.024332 0.916667 0.377675 0.047729 0.916667 0.384772 0.0223429 0.954167 0.358932
0.0223429 0.954167 0.358932 0.047729 0.916667 0.384772 0.0441357 0.954167 0.364164
0.047729 0.916667 0.384772 0.0692918 0.916667 0.396298 0.0441357 0.954167 0.364164
0.0441357 0.954167 0.364164 0.0692918 0.916667 0.396298 0.0648417 0.954167 0.372741
0.0692918 0.916667 0.396298 0.0881917 0.916667 0.411808 0.0648417 0.954167 0.372741
0.0648417 0.954167 0.372741 0.0881917 0.916667 0.411808 0.0839511 0.954167 0.384451
0.0881917 0.916667 0.411808 0.115549 0.954167 0.416049 0.0839511 0.954167 0.384451
0.0839511 0.954167 0.384451 0.115549 0.954167 0.416049 0.100993 0.954167 0.399007
0.115549 0.954167 0.416049 0.129904 1 0.425 0.100993 0.954167 0.399007
0.100993 0.954167 0.399007 0.129904 1 0.425 0.119003 1 0.408686
-0.119003 1 0.408686 -0.100993 0.954167 0.399007 -0.106066 1 0.393934
-0.106066 1 0.393934 -0.100993 0.954167 0.399007 -0.0913142 1 0.380997
-0.100993 0.954167 0.399007 -0.0839511 0.954167 0.384451 -0.0913142 1 0.380997
-0.0913142 1 0.380997 -0.0839511 0.954167 0.384451 -0.075 1 0.370096
-0.0839511 0.954167 0.384451 -0.0648417 0.954167 0.372741 -0.075 1 0.370096
-0.075 1 0.370096 -0.0648417 0.954167 0.372741 -0.0574025 1 0.361418
-0.0648417 0.954167 0.372741 -0.0441357 0.954167 0.364164 -0.0574025 1 0.361418
-0.0574025 1 0.361418 -0.0441357 0.954167 0.364164 -0.0388229 1 0.355111
-0.0441357 0.954167 0.364164 -0.022343 0.954167 0.358932 -0.0388229 1 0.355111
-0.0388229 1 0.355111 -0.022343 0.954167 0.358932 -0.0195789 1 0.351283
-0.022343 0.954167 0.358932 -4.31323e-08 0.954167 0.357174 -0.0195789 1 0.351283
-0.0195789 1 0.351283 -4.31323e-08 0.954167 0.357174 -4.52987e-08 1 0.35
-4.31323e-08 0.954167 0.357174 0.0223429 0.954167 0.358932 -4.52987e-08 1 0.35
-4.52987e-08 1 0.35 0.0223429 0.954167 0.358932 0.0195789 1 0.351283
0.0223429 0.954167 0.358932 0.0441357 0.954167 0.364164 0.0195789 1 0.351283
0.0195789 1 0.351283 0.0441357 0.954167 0.364164 0.0388229 1 0.355111
0.0441357 0.954167 0.364164 0.0648417 0.954167 0.372741 0.0388229 1 0.355111
0.0388229 1 0.355111 0.0648417 0.954167 0.372741 0.0574025 1 0.361418
0.0648417 0.954167 0.372741 0.0839511 0.954167 0.384451 0.0574025 1 0.361418
0.0574025 1 0.361418 0.0839511 0.954167 0.384451 0.075 1 0.370096
0.0839511 0.954167 0.384451 0.100993 0.954167 0.399007 0.075 1 0.370096
0.075 1 0.370096 0.100993 0.954167 0.399007 0.0913142 1 0.380997
0.100993 0.954167 0.399007 0.119003 1 0.408686 0.0913142 1 0.380997
0.0913142 1 0.380997 0.119003 1 0.408686 0.106066 1 0.393934
-0.106066 1 0.106066 -0.0913142 1 0.119003 -0.119003 1 0.0913142
-0.119003 1 0.0913142 -0.0913142 1 0.119003 -0.100993 0.954167 0.100993
-0.0913142 1 0.119003 -0.075 1 0.129904 -0.100993 0.954167 0.100993
-0.100993 0.954167 0.100993 -0.075 1 0.129904 -0.0839511 0.954167 0.115549
-0.075 1 0.129904 -0.0574025 1 0.138582 -0.0839511 0.954167 0.115549
-0.0839511 0.954167 0.115549 -0.0574025 1 0.138582 -0.0648417 0.954167 0.127259
-0.0574025 1 0.138582 -0.0388229 1 0.144889 -0.0648417 0.954167 0.127259
-0.0648417 0.954167 0.127259 -0.0388229 1 0.144889 -0.0441357 0.954167 0.135836
-0.0388229 1 0.144889 -0.0195789 1 0.148717 -0.0441357 0.954167 0.135836
-0.0441357 0.954167 0.135836 -0.0195789 1 0.148717 -0.022343 0.954167 0.141068
-0.0195789 1 0.148717 -1.31134e-08 1 0.15 -0.022343 0.954167 0.141068
-0.022343 0.954167 0.141068 -1.31134e-08 1 0.15 -1.24863e-08 0.954167 0.142826
-1.31134e-08 1 0.15 0.0195789 1 0.148717 -1.24863e-08 0.954167 0.142826
-1.24863e-08 0.954167 0.142826 0.0195789 1 0.148717 0.0223429 0.954167 0.141068
0.0195789 1 0.148717 0.0388229 1 0.144889 0.0223429 0.954167 0.141068
0.0223429 0.954167 0.141068 0.0388229 1 0.144889 0.0441357 0.954167 0.135836
0.0388229 1 0.144889 0.0574025 1 0.138582 0.0441357 0.954167 0.135836
0.0441357 0.954167 0.135836 0.0574025 1 0.138582 0.0648417 0.954167 0.127259
0.0574025 1 0.138582 0.075 1 0.129904 0.0648417 0.954167 0.127259
0.0648417 0.954167 0.127259 0.075 1 0.129904 0.0839511 0.954167 0.115549
0.075 1 0.129904 0.0913142 1 0.119003 0.0839511 0.954167 0.115549
0.0839511 0.954167 0.115549 0.0913142 1 0.119003 0.100993 0.954167 0.100993
0.0913142 1 0.119003 0.106066 1 0.106066 0.100993 0.954167 0.100993
0.100993 0.954167 0.100993 0.106066 1 0.106066 0.119003 1 0.0913142
-0.119003 1 0.0913142 -0.100993 0.954167 0.100993 -0.129904 1 0.075
-0.129904 1 0.075 -0.100993 0.954167 0.100993 -0.115549 0.954167 0.0839511
-0.100993 0.954167 0.100993 -0.0839511 0.954167 0.115549 -0.115549 0.954167 0.0839511
-0.115549 0.954167 0.0839511 -0.0839511 0.954167 0.115549 -0.0881917 0.916667 0.0881917
-0.0839511 0.954167 0.115549 -0.0648417 0.954167 0.127259 -0.0881917 0.916667 0.0881917
-0.0881917 0.916667 0.0881917 -0.0648417 0.954167 0.127259 -0.0692918 0.916667 0.103702
-0.0648417 0.954167 0.127259 -0.0441357 0.954167 0.135836 -0.0692918 0.916667 0.103702
-0.0692918 0.916667 0.103702 -0.0441357 0.954167 0.135836 -0.047729 0.916667 0.115228
-0.0441357 0.954167 0.135836 -0.022343 0.954167 0.141068 -0.047729 0.916667 0.115228
-0.047729 0.916667 0.115228 -0.022343 0.954167 0.141068 -0.0243321 0.916667 0.122325
-0.022343 0.954167 0.141068 -1.24863e-08 0.954167 0.142826 -0.0243321 0.916667 0.122325
-0.0243321 0.916667 0.122325 -1.24863e-08 0.954167 0.142826 -1.09035e-08 0.916667 0.124722
-1.24863e-08 0.954167 0.142826 0.0223429 0.954167 0.141068 -1.09035e-08 0.916667 0.124722
-1.09035e-08 0.916667 0.124722 0.0223429 0.954167 0.141068 0.024332 0.916667 0.122325
0.0223429 0.954167 0.141068 0.0441357 0.954167 0.135836 0.024332 0.916667 0.122325
0.024332 0.916667 0.122325 0.0441357 0.954167 0.135836 0.047729 0.916667 0.115228
0.0441357 0.954167 0.135836 0.0648417 0.954167 0.127259 0.047729 0.916667 0.115228
0.047729 0.916667 0.115228 0.0648417 0.954167 0.127259 0.0692918 0.916667 0.103702
0.0648417 0.954167 0.127259 0.0839511 0.954167 0.115549 0.0692918 0.916667 0.103702
0.0692918 0.916667 0.103702 0.0839511 0.954167 0.115549 0.0881917 0.916667 0.0881917
0.0839511 0.954167 0.115549 0.100993 0.954167 0.100993 0.0881917 0.916667 0.0881917
0.0881917 0.916667 0.0881917 0.100993 0.954167 0.100993 0.115549 0.954167 0.0839511
0.100993 0.954167 0.100993 0.119003 1 0.0913142 0.115549 0.954167 0.0839511
0.115549 0.954167 0.0839511 0.119003 1 0.0913142 0.129904 1 0.075
-0.129904 1 0.075 -0.115549 0.954167 0.0839511 -0.138582 1 0.0574025
-0.138582 1 0.0574025 -0.115549 0.954167 0.0839511 -0.127259 0.954167 0.0648417
-0.115549 0.954167 0.0839511 -0.0881917 0.916667 0.0881917 -0.127259 0.954167 0.0648417
-0.127259 0.954167 0.0648417 -0.0881917 0.916667 0.0881917 -0.103702 0.916667 0.0692918
-0.0881917 0.916667 0.0881917 -0.0692918 0.916667 0.103702 -0.103702 0.916667 0.0692918
-0.103702 0.916667 0.0692918 -0.0692918 0.916667 0.103702 -0.0701561 0.8875 0.0701561
-0.0692918 0.916667 0.103702 -0.047729 0.916667 0.115228 -0.0701561 0.8875 0.0701561
-0.0701561 0.8875 0.0701561 -0.047729 0.916667 0.115228 -0.0496078 0.8875 0.0859233
-0.047729 0.916667 0.115228 -0.0243321 0.916667 0.122325 -0.0496078 0.8875 0.0859233
-0.0496078 0.8875 0.0859233 -0.0243321 0.916667 0.122325 -0.0256789 0.8875 0.095835
-0.0243321 0.916667 0.122325 -1.09035e-08 0.916667 0.124722 -0.0256789 0.8875 0.095835
-0.0256789 0.8875 0.095835 -1.09035e-08 0.916667 0.124722 -8.67371e-09 0.8875 0.0992157
-1.09035e-08 0.916667 0.124722 0.024332 0.916667 0.122325 -8.67371e-09 0.8875 0.0992157
-8.67371e-09 0.8875 0.0992157 0.024332 0.916667 0.122325 0.0256789 0.8875 0.095835
0.024332 0.916667 0.122325 0.047729 0.916667 0.115228 0.0256789 0.8875 0.095835
0.0256789 0.8875 0.095835 0.047729 0.916667 0.115228 0.0496078 0.8875 0.0859233
0.047729 0.916667 0.115228 0.0692918 0.916667 0.103702 0.0496078 0.8875 0.0859233
0.0496078 0.8875 0.0859233 0.0692918 0.916667 0.103702 0.0701561 0.8875 0.0701561
0.0692918 0.916667 0.103702 0.0881917 0.916667 0.0881917 0.0701561 0.8875 0.0701561
0.0701561 0.8875 0.0701561 0.0881917 0.916667 0.0881917 0.103702 0.916667 0.0692918
0.0881917 0.916667 0.0881917 0.115549 0.954167 0.0839511 0.103702 0.916667 0.0692918
0.103702 0.916667 0.0692918 0.115549 0.954167 0.0839511 0.127259 0.954167 0.0648417
0.115549 0.954167 0.0839511 0.129904 1 0.075 0.127259 0.954167 0.0648417
0.127259 0.954167 0.0648417 0.129904 1 0.075 0.138582 1 0.0574025
-0.138582 1 0.0574025 -0.127259 0.954167 0.0648417 -0.144889 1 0.0388228
-0.144889 1 0.0388228 -0.127259 0.954167 0.0648417 -0.135836 0.954167 0.0441357
-0.127259 0.954167 0.0648417 -0.103702 0.916667 0.0692918 -0.135836 0.954167 0.0441357
-0.135836 0.954167 0.0441357 -0.103702 0.916667 0.0692918 -0.115228 0.916667 0.047729
-0.103702 0.916667 0.0692918 -0.0701561 0.8875 0.0701561 -0.115228 0.916667 0.047729
-0.115228 0.916667 0.047729 -0.0701561 0.8875 0.0701561 -0.0859233 0.8875 0.0496078
-0.0701561 0.8875 0.0701561 -0.0496078 0.8875 0.0859233 -0.0859233 0.8875 0.0496078
-0.0859233 0.8875 0.0496078 -0.0496078 0.8875 0.0859233 -0.0485913 0.866667 0.0485913
-0.0496078 0.8875 0.0859233 -0.0256789 0.8875 0.095835 -0.0485913 0.866667 0.0485913
-0.0485913 0.866667 0.0485913 -0.0256789 0.8875 0.095835 -0.0262974 0.866667 0.0634875
-0.0256789 0.8875 0.095835 -8.67371e-09 0.8875 0.0992157 -0.0262974 0.866667 0.0634875
-0.0262974 0.866667 0.0634875 -8.67371e-09 0.8875 0.0992157 -6.00756e-09 0.866667 0.0687184
-8.67371e-09 0.8875 0.0992157 0.0256789 0.8875 0.095835 -6.00756e-09 0.866667 0.0687184
-6.00756e-09 0.866667 0.0687184 0.0256789 0.8875 0.095835 0.0262974 0.866667 0.0634876
0.0256789 0.8875 0.095835 0.0496078 0.8875 0.0859233 0.0262974 0.866667 0.0634876
0.0262974 0.866667 0.0634876 0.0496078 0.8875 0.0859233 0.0485913 0.866667 0.0485913
0.0496078 0.8875 0.0859233 0.0701561 0.8875 0.0701561 0.0485913 0.866667 0.0485913
0.0485913 0.866667 0.0485913 0.0701561 0.8875 0.0701561 0.0859233 0.8875 0.0496078
0.0701561 0.8875 0.0701561 0.103702 0.916667 0.0692918 0.0859233 0.8875 0.0496078
0.0859233 0.8875 0.0496078 0.103702 0.916667 0.0692918 0.115228 0.916667 0.047729
0.103702 0.916667 0.0692918 0.127259 0.954167 0.0648417 0.115228 0.916667 0.047729
0.115228 0.916667 0.047729 0.127259 0.954167 0.0648417 0.135836 0.954167 0.0441357
0.127259 0.954167 0.0648417 0.138582 1 0.0574025 0.135836 0.954167 0.0441357
0.135836 0.954167 0.0441357 0.138582 1 0.0574025 0.144889 1 0.0388229
-0.144889 1 0.0388228 -0.135836 0.954167 0.0441357 -0.148717 1 0.019579
-0.148717 1 0.019579 -0.135836 0.954167 0.0441357 -0.141068 0.954167 0.0223429
-0.135836 0.954167 0.0441357 -0.115228 0.916667 0.047729 -0.141068 0.954167 0.0223429
-0.141068 0.954167 0.0223429 -0.115228 0.916667 0.047729 -0.122325 0.916667 0.024332
-0.115228 0.916667 0.047729 -0.0859233 0.8875 0.0496078 -0.122325 0.916667 0.024332
-0.122325 0.916667 0.024332 -0.0859233 0.8875 0.0496078 -0.095835 0.8875 0.0256789
-0.0859233 0.8875 0.0496078 -0.0485913 0.866667 0.0485913 -0.095835 0.8875 0.0256789
-0.095835 0.8875 0.0256789 -0.0485913 0.866667 0.0485913 -0.0634875 0.866667 0.0262974
-0.0485913 0.866667 0.0485913 -0.0262974 0.866667 0.0634875 -0.0634875 0.866667 0.0262974
-0.0634875 0.866667 0.0262974 -0.0262974 0.866667 0.0634875 -0.0248258 0.854167 0.0248258
-0.0262974 0.866667 0.0634875 -6.00756e-09 0.866667 0.0687184 -0.0248258 0.854167 0.0248258
-0.0248258 0.854167 0.0248258 -6.00756e-09 0.866667 0.0687184 -3.06932e-09 0.854167 0.035109
-6.00756e-09 0.866667 0.0687184 0.0262974 0.866667 0.0634876 -3.06932e-09 0.854167 0.035109
-3.06932e-09 0.854167 0.035109 0.0262974 0.866667 0.0634876 0.0248258 0.854167 0.0248258
0.0262974 0.866667 0.0634876 0.0485913 0.866667 0.0485913 0.0248258 0.854167 0.0248258
0.0248258 0.854167 0.0248258 0.0485913 0.866667 0.0485913 0.0634876 0.866667 0.0262974
0.0485913 0.866667 0.0485913 0.0859233 0.8875 0.0496078 0.0634876 0.866667 0.0262974
0.0634876 0.866667 0.0262974 0.0859233 0.8875 0.0496078 0.095835 0.8875 0.0256789
0.0859233 0.8875 0.0496078 0.115228 0.916667 0.047729 0.095835 0.8875 0.0256789
0.095835 0.8875 0.0256789 0.115228 0.916667 0.047729 0.122325 0.916667 0.0243321
0.115228 0.916667 0.047729 0.135836 0.954167 0.0441357 0.122325 0.916667 0.0243321
0.122325 0.916667 0.0243321 0.135836 0.954167 0.0441357 0.141068 0.954167 0.0223429
0.135836 0.954167 0.0441357 0.144889 1 0.0388229 0.141068 0.954167 0.0223429
0.141068 0.954167 0.0223429 0.144889 1 0.0388229 0.148717 1 0.0195789
-0.148717 1 0.019579 -0.141068 0.954167 0.0223429 -0.15 1 -1.78873e-09
-0.15 1 -1.78873e-09 -0.141068 0.954167 0.0223429 -0.142826 0.954167 -1.70318e-09
-0.141068 0.954167 0.0223429 -0.122325 0.916667 0.024332 -0.142826 0.954167 -1.70318e-09
-0.142826 0.954167 -1.70318e-09 -0.122325 0.916667 0.024332 -0.124722 0.916667 -1.48729e-09
-0.122325 0.916667 0.024332 -0.095835 0.8875 0.0256789 -0.124722 0.916667 -1.48729e-09
-0.124722 0.916667 -1.48729e-09 -0.095835 0.8875 0.0256789 -0.0992157 0.8875 -1.18314e-09
-0.095835 0.8875 0.0256789 -0.0634875 0.866667 0.0262974 -0.0992157 0.8875 -1.18314e-09
-0.0992157 0.8875 -1.18314e-09 -0.0634875 0.866667 0.0262974 -0.0687184 0.866667 -8.19459e-10
-0.0634875 0.866667 0.0262974 -0.0248258 0.854167 0.0248258 -0.0687184 0.866667 -8.19459e-10
-0.0687184 0.866667 -8.19459e-10 -0.0248258 0.854167 0.0248258 -0.035109 0.854167 -4.1867e-10
-0.0248258 0.854167 0.0248258 -3.06932e-09 0.854167 0.035109 -0.035109 0.854167 -4.1867e-10
-0.035109 0.854167 -4.1867e-10 -3.06932e-09 0.854167 0.035109 0 0.85 0
-3.06932e-09 0.854167 0.035109 0.0248258 0.854167 0.0248258 0 0.85 0
0 0.85 0 0.0248258 0.854167 0.0248258 0.035109 0.854167 1.53466e-09
0.0248258 0.854167 0.0248258 0.0634876 0.866667 0.0262974 0.035109 0.854167 1.53466e-09
0.035109 0.854167 1.53466e-09 0.0634876 0.866667 0.0262974 0.0687184 0.866667 3.00378e-09
0.0634876 0.866667 0.0262974 0.095835 0.8875 0.0256789 0.0687184 0.866667 3.00378e-09
0.0687184 0.866667 3.00378e-09 0.095835 0.8875 0.0256789 0.0992157 0.8875 4.33686e-09
0.095835 0.8875 0.0256789 0.122325 0.916667 0.0243321 0.0992157 0.8875 4.33686e-09
0.0992157 0.8875 4.33686e-09 0.122325 0.916667 0.0243321 0.124722 0.916667 5.45177e-09
0.122325 0.916667 0.0243321 0.141068 0.954167 0.0223429 0.124722 0.916667 5.45177e-09
0.124722 0.916667 5.45177e-09 0.141068 0.954167 0.0223429 0.142826 0.954167 6.24313e-09
0.141068 0.954167 0.0223429 0.148717 1 0.0195789 0.142826 0.954167 6.24313e-09
0.142826 0.954167 6.24313e-09 0.148717 1 0.0195789 0.15 1 6.55671e-09
-0.15 1 -1.78873e-09 -0.142826 0.954167 -1.70318e-09 -0.148717 1 -0.0195789
-0.148717 1 -0.0195789 -0.142826 0.954167 -1.70318e-09 -0.141068 0.954167 -0.0223429
-0.142826 0.954167 -1.70318e-09 -0.124722 0.916667 -1.48729e-09 -0.141068 0.954167 -0.0223429
-0.141068 0.954167 -0.0223429 -0.124722 0.916667 -1.48729e-09 -0.122325 0.916667 -0.0243321
-0.124722 0.916667 -1.48729e-09 -0.0992157 0.8875 -1.18314e-09 -0.122325 0.916667 -0.0243321
-0.122325 0.916667 -0.0243321 -0.0992157 0.8875 -1.18314e-09 -0.095835 0.8875 -0.0256789
-0.0992157 0.8875 -1.18314e-09 -0.0687184 0.866667 -8.19459e-10 -0.095835 0.8875 -0.0256789
-0.095835 0.8875 -0.0256789 -0.0687184 0.866667 -8.19459e-10 -0.0634875 0.866667 -0.0262974
-0.0687184 0.866667 -8.19459e-10 -0.035109 0.854167 -4.1867e-10 -0.0634875 0.866667 -0.0262974
-0.0634875 0.866667 -0.0262974 -0.035109 0.854167 -4.1867e-10 -0.0248258 0.854167 -0.0248258
-0.035109 0.854167 -4.1867e-10 0 0.85 0 -0.0248258 0.854167 -0.0248258
-0.0248258 0.854167 -0.0248258 0 0.85 0 -1.06026e-08 0.854167 -0.035109
0 0.85 0 0.035109 0.854167 1.53466e-09 -1.06026e-08 0.854167 -0.035109
-1.06026e-08 0.854167 -0.035109 0.035109 0.854167 1.53466e-09 0.0248258 0.854167 -0.0248258
0.035109 0.854167 1.53466e-09 0.0687184 0.866667 3.00378e-09 0.0248258 0.854167 -0.0248258
0.0248258 0.854167 -0.0248258 0.0687184 0.866667 3.00378e-09 0.0634876 0.866667 -0.0262974
0.0687184 0.866667 3.00378e-09 0.0992157 0.8875 4.33686e-09 0.0634876 0.866667 -0.0262974
0.0634876 0.866667 -0.0262974 0.0992157 0.8875 4.33686e-09 0.095835 0.8875 -0.0256789
0.0992157 0.8875 4.33686e-09 0.124722 0.916667 5.45177e-09 0.095835 0.8875 -0.0256789
0.095835 0.8875 -0.0256789 0.124722 0.916667 5.45177e-09 0.122325 0.916667 -0.024332
0.124722 0.916667 5.45177e-09 0.142826 0.954167 6.24313e-09 0.122325 0.916667 -0.024332
0.122325 0.916667 -0.024332 0.142826 0.954167 6.24313e-09 0.141068 0.954167 -0.0223429
0.142826 0.954167 6.24313e-09 0.15 1 6.55671e-09 0.141068 0.954167 -0.0223429
0.141068 0.954167 -0.0223429 0.15 1 6.55671e-09 0.148717 1 -0.0195789
-0.148717 1 -0.0195789 -0.141068 0.954167 -0.0223429 -0.144889 1 -0.0388229
-0.144889 1 -0.0388229 -0.141068 0.954167 -0.0223429 -0.135836 0.954167 -0.0441357
-0.141068 0.954167 -0.0223429 -0.122325 0.916667 -0.0243321 -0.135836 0.954167 -0.0441357
-0.135836 0.954167 -0.0441357 -0.122325 0.916667 -0.0243321 -0.115228 0.916667 -0.047729
-0.122325 0.916667 -0.0243321 -0.095835 0.8875 -0.0256789 -0.115228 0.916667 -0.047729
-0.115228 0.916667 -0.047729 -0.095835 0.8875 -0.0256789 -0.0859233 0.8875 -0.0496078
-0.095835 0.8875 -0.0256789 -0.0634875 0.866667 -0.0262974 -0.0859233 0.8875 -0.0496078
-0.0859233 0.8875 -0.0496078 -0.0634875 0.866667 -0.0262974 -0.0485913 0.866667 -0.0485913
-0.0634875 0.866667 -0.0262974 -0.0248258 0.854167 -0.0248258 -0.0485913 0.866667 -0.0485913
-0.0485913 0.866667 -0.0485913 -0.0248258 0.854167 -0.0248258 -0.0262974 0.866667 -0.0634876
-0.0248258 0.854167 -0.0248258 -1.06026e-08 0.854167 -0.035109 -0.0262974 0.866667 -0.0634876
-0.0262974 0.866667 -0.0634876 -1.06026e-08 0.854167 -0.035109 -2.07524e-08 0.866667 -0.0687184
-1.06026e-08 0.854167 -0.035109 0.0248258 0.854167 -0.0248258 -2.07524e-08 0.866667 -0.0687184
-2.07524e-08 0.866667 -0.0687184 0.0248258 0.854167 -0.0248258 0.0262974 0.866667 -0.0634876
0.0248258 0.854167 -0.0248258 0.0634876 0.866667 -0.0262974 0.0262974 0.866667 -0.0634876
0.0262974 0.866667 -0.0634876 0.0634876 0.866667 -0.0262974 0.0485913 0.866667 -0.0485913
0.0634876 0.866667 -0.0262974 0.095835 0.8875 -0.0256789 0.0485913 0.866667 -0.0485913
0.0485913 0.866667 -0.0485913 0.095835 0.8875 -0.0256789 0.0859233 0.8875 -0.0496078
0.095835 0.8875 -0.0256789 0.122325 0.916667 -0.024332 0.0859233 0.8875 -0.0496078
0.0859233 0.8875 -0.0496078 0.122325 0.916667 -0.024332 0.115228 0.916667 -0.047729
0.122325 0.916667 -0.024332 0.141068 0.954167 -0.0223429 0.115228 0.916667 -0.047729
0.115228 0.916667 -0.047729 0.141068 0.954167 -0.0223429 0.135836 0.954167 -0.0441357
0.141068 0.954167 -0.0223429 0.148717 1 -0.0195789 0.135836 0.954167 -0.0441357
0.135836 0.954167 -0.0441357 0.148717 1 -0.0195789 0.144889 1 -0.0388229
-0.144889 1 -0.0388229 -0.135836 0.954167 -0.0441357 -0.138582 1 -0.0574025
-0.138582 1 -0.0574025 -0.135836 0.954167 -0.0441357 -0.127259 0.954167 -0.0648417
-0.135836 0.954167 -0.0441357 -0.115228 0.916667 -0.047729 -0.127259 0.954167 -0.0648417
-0.127259 0.954167 -0.0648417 -0.115228 0.916667 -0.047729 -0.103702 0.916667 -0.0692918
-0.115228 0.916667 -0.047729 -0.0859233 0.8875 -0.0496078 -0.103702 0.916667 -0.0692918
-0.103702 0.916667 -0.0692918 -0.0859233 0.8875 -0.0496078 -0.0701561 0.8875 -0.0701561
-0.0859233 0.8875 -0.0496078 -0.0485913 0.866667 -0.0485913 -0.0701561 0.8875 -0.0701561
-0.0701561 0.8875 -0.0701561 -0.0485913 0.866667 -0.0485913 -0.0496079 0.8875 -0.0859233
-0.0485913 0.866667 -0.0485913 -0.0262974 0.866667 -0.0634876 -0.0496079 0.8875 -0.0859233
-0.0496079 0.8875 -0.0859233 -0.0262974 0.866667 -0.0634876 -0.0256789 0.8875 -0.095835
-0.0262974 0.866667 -0.0634876 -2.07524e-08 0.866667 -0.0687184 -0.0256789 0.8875 -0.095835
-0.0256789 0.8875 -0.095835 -2.07524e-08 0.866667 -0.0687184 -2.99623e-08 0.8875 -0.0992157
-2.07524e-08 0.866667 -0.0687184 0.0262974 0.866667 -0.0634876 -2.99623e-08 0.8875 -0.0992157
-2.99623e-08 0.8875 -0.0992157 0.0262974 0.866667 -0.0634876 0.0256789 0.8875 -0.095835
0.0262974 0.866667 -0.0634876 0.0485913 0.866667 -0.0485913 0.0256789 0.8875 -0.095835
0.0256789 0.8875 -0.095835 0.0485913 0.866667 -0.0485913 0.0496078 0.8875 -0.0859233
0.0485913 0.866667 -0.0485913 0.0859233 0.8875 -0.0496078 0.0496078 0.8875 -0.0859233
0.0496078 0.8875 -0.0859233 0.0859233 0.8875 -0.0496078 0.0701561 0.8875 -0.0701561
0.0859233 0.8875 -0.0496078 0.115228 0.916667 -0.047729 0.0701561 0.8875 -0.0701561
0.0701561 0.8875 -0.0701561 0.115228 0.916667 -0.047729 0.103702 0.916667 -0.0692918
0.115228 0.916667 -0.047729 0.135836 0.954167 -0.0441357 0.103702 0.916667 -0.0692918
0.103702 0.916667 -0.0692918 0.135836 0.954167 -0.0441357 0.127259 0.954167 -0.0648417
0.135836 0.954167 -0.0441357 0.144889 1 -0.0388229 0.127259 0.954167 -0.0648417
0.127259 0.954167 -0.0648417 0.144889 1 -0.0388229 0.138582 1 -0.0574025
-0.138582 1 -0.0574025 -0.127259 0.954167 -0.0648417 -0.129904 1 -0.075
-0.129904 1 -0.075 -0.127259 0.954167 -0.0648417 -0.115549 0.954167 -0.0839511
-0.127259 0.954167 -0.0648417 -0.103702 0.916667 -0.0692918 -0.115549 0.954167 -0.0839511
-0.115549 0.954167 -0.0839511 -0.103702 0.916667 -0.0692918 -0.0881917 0.916667 -0.0881917
-0.103702 0.916667 -0.0692918 -0.0701561 0.8875 -0.0701561 -0.0881917 0.916667 -0.0881917
-0.0881917 0.916667 -0.0881917 -0.0701561 0.8875 -0.0701561 -0.0692918 0.916667 -0.103702
-0.0701561 0.8875 -0.0701561 -0.0496079 0.8875 -0.0859233 -0.0692918 0.916667 -0.103702
-0.0692918 0.916667 -0.103702 -0.0496079 0.8875 -0.0859233 -0.047729 0.916667 -0.115228
-0.0496079 0.8875 -0.0859233 -0.0256789 0.8875 -0.095835 -0.047729 0.916667 -0.115228
-0.047729 0.916667 -0.115228 -0.0256789 0.8875 -0.095835 -0.0243321 0.916667 -0.122325
-0.0256789 0.8875 -0.095835 -2.99623e-08 0.8875 -0.0992157 -0.0243321 0.916667 -0.122325
-0.0243321 0.916667 -0.122325 -2.99623e-08 0.8875 -0.0992157 -3.7665e-08 0.916667 -0.124722
-2.99623e-08 0.8875 -0.0992157 0.0256789 0.8875 -0.095835 -3.7665e-08 0.916667 -0.124722
-3.7665e-08 0.916667 -0.124722 0.0256789 0.8875 -0.095835 0.024332 0.916667 -0.122325
0.0256789 0.8875 -0.095835 0.0496078 0.8875 -0.0859233 0.024332 0.916667 -0.122325
0.024332 0.916667 -0.122325 0.0496078 0.8875 -0.0859233 0.047729 0.916667 -0.115228
0.0496078 0.8875 -0.0859233 0.0701561 0.8875 -0.0701561 0.047729 0.916667 -0.115228
0.047729 0.916667 -0.115228 0.0701561 0.8875 -0.0701561 0.0692918 0.916667 -0.103702
0.0701561 0.8875 -0.0701561 0.103702 0.916667 -0.0692918 0.0692918 0.916667 -0.103702
0.0692918 0.916667 -0.103702 0.103702 0.916667 -0.0692918 0.0881917 0.916667 -0.0881917
0.103702 0.916667 -0.0692918 0.127259 0.954167 -0.0648417 0.0881917 0.916667 -0.0881917
0.0881917 0.916667 -0.0881917 0.127259 0.954167 -0.0648417 0.115549 0.954167 -0.0839511
0.127259 0.954167 -0.0648417 0.138582 1 -0.0574025 0.115549 0.954167 -0.0839511
0.115549 0.954167 -0.0839511 0.138582 1 -0.0574025 0.129904 1 -0.075
-0.129904 1 -0.075 -0.115549 0.954167 -0.0839511 -0.119003 1 -0.0913142
-0.119003 1 -0.0913142 -0.115549 0.954167 -0.0839511 -0.100993 0.954167 -0.100993
-0.115549 0.954167 -0.0839511 -0.0881917 0.916667 -0.0881917 -0.100993 0.954167 -0.100993
-0.100993 0.954167 -0.100993 -0.0881917 0.916667 -0.0881917 -0.0839511 0.954167 -0.115549
-0.0881917 0.916667 -0.0881917 -0.0692918 0.916667 -0.103702 -0.0839511 0.954167 -0.115549
-0.0839511 0.954167 -0.115549 -0.0692918 0.916667 -0.103702 -0.0648417 0.954167 -0.127259
-0.0692918 0.916667 -0.103702 -0.047729 0.916667 -0.115228 -0.0648417 0.954167 -0.127259
-0.0648417 0.954167 -0.127259 -0.047729 0.916667 -0.115228 -0.0441357 0.954167 -0.135836
-0.047729 0.916667 -0.115228 -0.0243321 0.916667 -0.122325 -0.0441357 0.954167 -0.135836
-0.0441357 0.954167 -0.135836 -0.0243321 0.916667 -0.122325 -0.022343 0.954167 -0.141068
-0.0243321 0.916667 -0.122325 -3.7665e-08 0.916667 -0.124722 -0.022343 0.954167 -0.141068
-0.022343 0.954167 -0.141068 -3.7665e-08 0.916667 -0.124722 -4.31323e-08 0.954167 -0.142826
-3.7665e-08 0.916667 -0.124722 0.024332 0.916667 -0.122325 -4.31323e-08 0.954167 -0.142826
-4.31323e-08 0.954167 -0.142826 0.024332 0.916667 -0.122325 0.0223429 0.954167 -0.141068
0.024332 0.916667 -0.122325 0.047729 0.916667 -0.115228 0.0223429 0.954167 -0.141068
0.0223429 0.954167 -0.141068 0.047729 0.916667 -0.115228 0.0441357 0.954167 -0.135836
0.047729 0.916667 -0.115228 0.0692918 0.916667 -0.103702 0.0441357 0.954167 -0.135836
0.0441357 0.954167 -0.135836 0.0692918 0.916667 -0.103702 0.0648417 0.954167 -0.127259
0.0692918 0.916667 -0.103702 0.0881917 0.916667 -0.0881917 0.0648417 0.954167 -0.127259
0.0648417 0.954167 -0.127259 0.0881917 0.916667 -0.0881917 0.0839511 0.954167 -0.115549
0.0881917 0.916667 -0.0881917 0.115549 0.954167 -0.0839511 0.0839511 0.954167 -0.115549
0.0839511 0.954167 -0.115549 0.115549 0.954167 -0.0839511 0.100993 0.954167 -0.100993
0.115549 0.954167 -0.0839511 0.129904 1 -0.075 0.100993 0.954167 -0.100993
0.100993 0.954167 -0.100993 0.129904 1 -0.075 0.119003 1 -0.0913142
-0.119003 1 -0.0913142 -0.100993 0.954167 -0.100993 -0.106066 1 -0.106066
-0.106066 1 -0.106066 -0.100993 0.954167 -0.100993 -0.0913142 1 -0.119003
-0.100993 0.954167 -0.100993 -0.0839511 0.954167 -0.115549 -0.0913142 1 -0.119003
-0.0913142 1 -0.119003 -0.0839511 0.954167 -0.115549 -0.075 1 -0.129904
-0.0839511 0.954167 -0.115549 -0.0648417 0.954167 -0.127259 -0.075 1 -0.129904
-0.075 1 -0.129904 -0.0648417 0.954167 -0.127259 -0.0574025 1 -0.138582
-0.0648417 0.954167 -0.127259 -0.0441357 0.954167 -0.135836 -0.0574025 1 -0.138582
-0.0574025 1 -0.138582 -0.0441357 0.954167 -0.135836 -0.0388229 1 -0.144889
-0.0441357 0.954167 -0.135836 -0.022343 0.954167 -0.141068 -0.0388229 1 -0.144889
-0.0388229 1 -0.144889 -0.022343 0.954167 -0.141068 -0.0195789 1 -0.148717
-0.022343 0.954167 -0.141068 -4.31323e-08 0.954167 -0.142826 -0.0195789 1 -0.148717
-0.0195789 1 -0.148717 -4.31323e-08 0.954167 -0.142826 -4.52987e-08 1 -0.15
-4.31323e-08 0.954167 -0.142826 0.0223429 0.954167 -0.141068 -4.52987e-08 1 -0.15
-4.52987e-08 1 -0.15 0.0223429 0.954167 -0.141068 0.0195789 1 -0.148717
0.0223429 0.954167 -0.141068 0.0441357 0.954167 -0.135836 0.0195789 1 -0.148717
0.0195789 1 -0.148717 0.0441357 0.954167 -0.135836 0.0388229 1 -0.144889
0.0441357 0.954167 -0.135836 0.0648417 0.954167 -0.127259 0.0388229 1 -0.144889
0.0388229 1 -0.144889 0.0648417 0.954167 -0.127259 0.0574025 1 -0.138582
0.0648417 0.954167 -0.127259 0.0839511 0.954167 -0.115549 0.0574025 1 -0.138582
0.0574025 1 -0.138582 0.0839511 0.954167 -0.115549 0.075 1 -0.129904
0.0839511 0.954167 -0.115549 0.100993 0.954167 -0.100993 0.075 1 -0.129904
0.075 1 -0.129904 0.100993 0.954167 -0.100993 0.0913142 1 -0.119003
0.100993 0.954167 -0.100993 0.119003 1 -0.0913142 0.0913142 1 -0.119003
0.0913142 1 -0.119003 0.119003 1 -0.0913142 0.106066 1 -0.106066
-0.999 -0 0 -0.999 -0 1 -0.999 0.75 1
-0.999 -0 0 -0.999 0.75 1 -0.999 0.75 0
